60,60,3
1,1,1,1,1,1,1,1,1,1,1,1,1,1,1,1,1,1,1,1,1,1,1,1,1,1,1,1,1,1,1,1,1,1,1,1,1,1,1,1,1,1,1,1,1,1,1,1,1,1,1,1,1,1,1,1,1,1,1,1
1,1,1,1,1,1,1,1,1,1,1,1,1,1,1,1,1,1,1,1,1,1,1,1,1,1,1,1,1,1,1,1,1,1,1,1,1,1,1,1,1,1,1,1,1,1,1,1,1,1,1,1,1,1,1,1,1,1,1,1
1,1,1,1,1,1,1,1,1,1,1,1,1,1,1,1,1,1,1,1,1,1,1,1,1,1,1,1,1,1,1,1,1,1,1,1,1,1,1,1,1,1,1,1,1,1,1,1,1,1,1,1,1,1,1,1,1,1,1,1
1,1,1,1,1,1,1,1,1,1,1,1,1,1,1,1,1,1,1,1,1,1,1,1,1,1,1,1,1,1,1,1,1,1,1,1,1,1,1,1,1,1,1,1,1,1,1,1,1,1,1,1,1,1,1,1,1,1,1,1
1,1,1,1,1,1,1,1,1,1,1,1,1,1,1,1,1,1,1,1,1,1,1,1,1,1,1,1,1,1,1,1,1,1,1,1,1,1,1,1,1,1,1,1,1,1,1,1,1,1,1,1,1,1,1,1,1,1,1,1
1,1,1,1,1,1,1,1,1,1,1,1,1,1,1,1,1,1,1,1,1,1,1,1,1,1,1,1,1,1,1,1,1,1,1,1,1,1,1,1,1,1,1,1,1,1,1,1,1,1,1,1,1,1,1,1,1,1,1,1
1,1,1,1,1,1,1,1,1,1,1,1,1,1,1,1,1,1,1,1,1,1,1,1,1,1,1,1,1,1,1,1,1,1,1,1,1,1,1,1,1,1,1,1,1,1,1,1,1,1,1,1,1,1,1,1,1,1,1,1
1,1,1,1,1,1,1,1,1,1,1,1,1,1,1,1,1,1,1,1,1,1,1,1,1,1,1,1,1,1,1,1,1,1,1,1,1,1,1,1,1,1,1,1,1,1,1,1,1,1,1,1,1,1,1,1,1,1,1,1
1,1,1,1,1,1,1,1,1,1,1,1,1,1,1,1,1,1,1,1,1,1,1,1,1,1,1,1,1,1,1,1,1,1,1,1,1,1,1,1,1,1,1,1,1,1,1,1,1,1,1,1,1,1,1,1,1,1,1,1
1,1,1,1,1,0,0,0,0,0,0,0,0,0,0,0,0,0,0,0,0,0,0,0,0,0,1,1,1,1,1,1,1,1,0,0,0,0,0,0,0,0,0,0,0,0,0,0,0,0,0,0,0,0,0,1,1,1,1,1
1,1,1,1,1,0,0,0,0,0,0,0,0,0,0,0,0,0,0,0,0,0,0,0,0,0,1,1,0,0,0,0,1,1,0,0,0,0,0,0,0,0,0,0,0,0,0,0,0,0,0,0,0,0,0,1,1,1,1,1
1,1,1,1,1,0,0,0,0,0,0,0,0,0,0,0,0,0,0,0,0,0,0,0,0,0,0,0,0,0,0,0,0,0,0,0,0,0,0,0,0,0,0,0,0,0,0,0,0,0,0,0,0,0,0,1,1,1,1,1
1,1,1,1,1,1,1,0,0,0,0,0,0,0,0,0,0,0,0,0,0,0,0,0,0,0,0,0,0,0,0,0,0,0,0,0,0,0,0,0,0,0,0,0,0,0,0,0,0,0,0,0,0,1,1,1,1,1,1,1
1,1,1,1,1,1,1,0,0,0,0,1,1,0,0,1,1,0,0,1,1,0,0,1,1,0,0,1,1,0,0,1,1,0,0,1,1,0,0,1,1,0,0,1,1,0,0,1,1,0,0,0,0,1,1,1,1,1,1,1
1,1,1,1,1,1,1,0,0,0,0,1,1,0,0,1,1,0,0,1,1,0,0,1,1,0,0,1,1,0,0,1,1,0,0,1,1,0,0,1,1,0,0,1,1,0,0,1,1,0,0,0,0,1,1,1,1,1,1,1
1,1,1,1,1,1,1,0,0,0,0,0,0,0,0,0,0,0,0,0,0,0,0,0,0,0,0,0,0,0,0,0,0,0,0,0,0,0,0,0,0,0,0,0,0,0,0,0,0,0,0,0,0,1,1,1,1,1,1,1
1,1,1,1,1,0,0,0,0,0,0,0,0,0,0,0,0,0,0,0,0,0,0,0,0,0,0,0,0,0,0,0,0,0,0,0,0,0,0,0,0,0,0,0,0,0,0,0,0,0,0,0,0,0,0,1,1,1,1,1
1,1,1,1,1,0,0,0,0,0,0,1,1,0,0,1,1,0,0,1,1,0,0,1,1,0,0,1,1,0,0,1,1,0,0,1,1,0,0,1,1,0,0,1,1,0,0,1,1,0,0,0,0,0,0,1,1,1,1,1
1,1,1,1,1,0,0,0,0,0,0,1,1,0,0,1,1,0,0,1,1,0,0,1,1,0,0,1,1,0,0,1,1,0,0,1,1,0,0,1,1,0,0,1,1,0,0,1,1,0,0,0,0,0,0,1,1,1,1,1
1,1,1,1,1,0,0,0,0,0,0,0,0,0,0,0,0,0,0,0,0,0,0,0,0,0,0,0,0,0,0,0,0,0,0,0,0,0,0,0,0,0,0,0,0,0,0,0,0,0,0,0,0,0,0,1,1,1,1,1
1,1,1,1,1,0,0,0,0,0,0,0,0,0,0,0,0,0,0,0,0,0,0,0,0,0,0,0,0,0,0,0,0,0,0,0,0,0,0,0,0,0,0,0,0,0,0,0,0,0,0,0,0,0,0,1,1,1,1,1
1,1,1,1,1,0,0,0,0,0,0,1,1,0,0,1,1,0,0,1,1,0,0,1,1,0,0,1,1,0,0,1,1,0,0,1,1,0,0,1,1,0,0,1,1,0,0,1,1,0,0,0,0,0,0,1,1,1,1,1
1,1,1,1,1,0,0,0,0,0,0,1,1,0,0,1,1,0,0,1,1,0,0,1,1,0,0,1,1,0,0,1,1,0,0,1,1,0,0,1,1,0,0,1,1,0,0,1,1,0,0,0,0,0,0,1,1,1,1,1
1,1,1,1,1,0,0,0,0,0,0,0,0,0,0,0,0,0,0,0,0,0,0,0,0,0,0,0,0,0,0,0,0,0,0,0,0,0,0,0,0,0,0,0,0,0,0,0,0,0,0,0,0,0,0,1,1,1,1,1
1,1,1,1,1,0,0,0,0,0,0,0,0,0,0,0,0,0,0,0,0,0,0,0,0,0,0,0,0,0,0,0,0,0,0,0,0,0,0,0,0,0,0,0,0,0,0,0,0,0,0,0,0,0,0,1,1,1,1,1
1,1,1,1,1,0,0,0,0,0,0,1,1,0,0,1,1,0,0,1,1,0,0,1,1,0,0,1,1,0,0,1,1,0,0,1,1,0,0,1,1,0,0,1,1,0,0,1,1,0,0,0,0,0,0,1,1,1,1,1
1,1,1,1,1,0,0,0,0,0,0,1,1,0,0,1,1,0,0,1,1,0,0,1,1,0,0,1,1,0,0,1,1,0,0,1,1,0,0,1,1,0,0,1,1,0,0,1,1,0,0,0,0,0,0,1,1,1,1,1
1,1,1,1,1,0,0,0,0,0,0,0,0,0,0,0,0,0,0,0,0,0,0,0,0,0,0,0,0,0,0,0,0,0,0,0,0,0,0,0,0,0,0,0,0,0,0,0,0,0,0,0,0,0,0,1,1,1,1,1
1,1,1,1,1,0,0,0,0,0,0,0,0,0,0,0,0,0,0,0,0,0,0,0,0,0,0,0,0,0,0,0,0,0,0,0,0,0,0,0,0,0,0,0,0,0,0,0,0,0,0,0,0,0,0,1,1,1,1,1
1,1,1,1,1,0,0,0,0,0,0,1,1,0,0,1,1,0,0,1,1,0,0,1,1,0,0,1,1,0,0,1,1,0,0,1,1,0,0,1,1,0,0,1,1,0,0,1,1,0,0,0,0,0,0,1,1,1,1,1
1,1,1,1,1,0,0,0,0,0,0,1,1,0,0,1,1,0,0,1,1,0,0,1,1,0,0,1,1,0,0,1,1,0,0,1,1,0,0,1,1,0,0,1,1,0,0,1,1,0,0,0,0,0,0,1,1,1,1,1
1,1,1,1,1,1,1,0,0,0,0,0,0,0,0,0,0,0,0,0,0,0,0,0,0,0,0,0,0,0,0,0,0,0,0,0,0,0,0,0,0,0,0,0,0,0,0,0,0,0,0,0,0,0,0,1,1,1,1,1
1,1,1,1,1,1,1,0,0,0,0,0,0,0,0,0,0,0,0,0,0,0,0,0,0,0,0,0,0,0,0,0,0,0,0,0,0,0,0,0,0,0,0,0,0,0,0,0,0,0,0,0,0,0,0,1,1,1,1,1
1,1,1,1,1,1,1,0,0,0,0,1,1,0,0,1,1,0,0,1,1,0,0,1,1,0,0,1,1,0,0,1,1,0,0,1,1,0,0,1,1,0,0,1,1,0,0,1,1,0,0,0,0,0,0,1,1,1,1,1
1,1,1,1,1,0,0,0,0,0,0,1,1,0,0,1,1,0,0,1,1,0,0,1,1,0,0,1,1,0,0,1,1,0,0,1,1,0,0,1,1,0,0,1,1,0,0,1,1,0,0,0,0,0,0,1,1,1,1,1
1,1,1,1,1,0,0,0,0,0,0,0,0,0,0,0,0,0,0,0,0,0,0,0,0,0,0,0,0,0,0,0,0,0,0,0,0,0,0,0,0,0,0,0,0,0,0,0,0,0,0,0,0,0,0,1,1,1,1,1
1,1,1,1,1,1,1,0,0,0,0,0,0,0,0,0,0,0,0,0,0,0,0,0,0,0,0,0,0,0,0,0,0,0,0,0,0,0,0,0,0,0,0,0,0,0,0,0,0,0,0,0,0,0,0,1,1,1,1,1
1,1,1,1,1,1,1,0,0,0,0,1,1,0,0,1,1,0,0,1,1,0,0,1,1,0,0,1,1,0,0,1,1,0,0,1,1,0,0,1,1,0,0,1,1,0,0,1,1,0,0,0,0,0,0,1,1,1,1,1
1,1,1,1,1,1,1,0,0,0,0,1,1,0,0,1,1,0,0,1,1,0,0,1,1,0,0,1,1,0,0,1,1,0,0,1,1,0,0,1,1,0,0,1,1,0,0,1,1,0,0,0,0,0,0,1,1,1,1,1
1,1,1,1,1,0,0,0,0,0,0,0,0,0,0,0,0,0,0,0,0,0,0,0,0,0,0,0,0,0,0,0,0,0,0,0,0,0,0,0,0,0,0,0,0,0,0,0,0,0,0,0,0,0,0,1,1,1,1,1
1,1,1,1,1,0,0,0,0,0,0,0,0,0,0,0,0,0,0,0,0,0,0,0,0,0,0,0,0,0,0,0,0,0,0,0,0,0,0,0,0,0,0,0,0,0,0,0,0,0,0,0,0,0,0,1,1,1,1,1
1,1,1,1,1,0,0,0,0,0,0,1,1,0,0,1,1,0,0,1,1,0,0,1,1,0,0,1,1,0,0,1,1,0,0,1,1,0,0,1,1,0,0,1,1,0,0,1,1,0,0,0,0,0,0,1,1,1,1,1
1,1,1,1,1,0,0,0,0,0,0,1,1,0,0,1,1,0,0,1,1,0,0,1,1,0,0,1,1,0,0,1,1,0,0,1,1,0,0,1,1,0,0,1,1,0,0,1,1,0,0,0,0,0,0,1,1,1,1,1
1,1,1,1,1,0,0,0,0,0,0,0,0,0,0,0,0,0,0,0,0,0,0,0,0,0,0,0,0,0,0,0,0,0,0,0,0,0,0,0,0,0,0,0,0,0,0,0,0,0,0,0,0,0,0,1,1,1,1,1
1,1,1,1,1,0,0,0,0,0,0,0,0,0,0,0,0,0,0,0,0,0,0,0,0,0,0,0,0,0,0,0,0,0,0,0,0,0,0,0,0,0,0,0,0,0,0,0,0,0,0,0,0,0,0,1,1,1,1,1
1,1,1,1,1,0,0,0,0,0,0,1,1,0,0,1,1,0,0,1,1,0,0,1,1,0,0,1,1,0,0,1,1,0,0,1,1,0,0,1,1,0,0,1,1,0,0,1,1,0,0,0,0,0,0,1,1,1,1,1
1,1,1,1,1,0,0,0,0,0,0,1,1,0,0,1,1,0,0,1,1,0,0,1,1,0,0,1,1,0,0,1,1,0,0,1,1,0,0,1,1,0,0,1,1,0,0,1,1,0,0,0,0,0,0,1,1,1,1,1
1,1,1,1,1,0,0,0,0,0,0,0,0,0,0,0,0,0,0,0,0,0,0,0,0,0,0,0,0,0,0,0,0,0,0,0,0,0,0,0,0,0,0,0,0,0,0,0,0,0,0,0,0,0,0,1,1,1,1,1
1,1,1,1,1,1,1,0,0,0,0,0,0,0,0,0,0,0,0,0,0,0,0,0,0,0,0,0,0,0,0,0,0,0,0,0,0,0,0,0,0,0,0,0,0,0,0,0,0,0,0,0,0,1,1,1,1,1,1,1
1,1,1,1,1,1,1,0,0,0,0,1,1,0,0,1,1,0,0,1,1,0,0,1,1,0,0,1,1,0,0,1,1,0,0,1,1,0,0,1,1,0,0,1,1,0,0,1,1,0,0,0,0,1,1,1,1,1,1,1
1,1,1,1,1,1,1,0,0,0,0,1,1,0,0,1,1,0,0,1,1,0,0,1,1,0,0,1,1,0,0,1,1,0,0,1,1,0,0,1,1,0,0,1,1,0,0,1,1,0,0,0,0,1,1,1,1,1,1,1
1,1,1,1,1,1,1,0,0,0,0,0,0,0,0,0,0,0,0,0,0,0,0,0,0,0,0,0,0,0,0,0,0,0,0,0,0,0,0,0,0,0,0,0,0,0,0,0,0,0,0,0,0,1,1,1,1,1,1,1
1,1,1,1,1,0,0,0,0,0,0,0,0,0,0,0,0,0,0,0,0,0,0,0,0,0,0,0,0,0,0,0,0,0,0,0,0,0,0,0,0,0,0,0,0,0,0,0,0,0,0,0,0,0,0,1,1,1,1,1
1,1,1,1,1,0,0,0,0,0,0,0,0,0,0,0,0,0,0,0,0,0,0,0,0,0,0,0,0,0,0,0,0,0,0,0,0,0,0,0,0,0,0,0,0,0,0,0,0,0,0,0,0,0,0,1,1,1,1,1
1,1,1,1,1,0,0,0,0,0,0,0,0,0,0,0,0,0,0,0,0,0,0,0,0,0,0,0,0,0,0,0,0,0,0,0,0,0,0,0,0,0,0,0,0,0,0,0,0,0,0,0,0,0,0,1,1,1,1,1
1,1,1,1,1,1,1,1,1,1,1,1,1,1,1,1,1,1,1,1,1,1,1,1,1,1,1,1,1,1,1,1,1,1,1,1,1,1,1,1,1,1,1,1,1,1,1,1,1,1,1,1,1,1,1,1,1,1,1,1
1,1,1,1,1,1,1,1,1,1,1,1,1,1,1,1,1,1,1,1,1,1,1,1,1,1,1,1,1,1,1,1,1,1,1,1,1,1,1,1,1,1,1,1,1,1,1,1,1,1,1,1,1,1,1,1,1,1,1,1
1,1,1,1,1,1,1,1,1,1,1,1,1,1,1,1,1,1,1,1,1,1,1,1,1,1,1,1,1,1,1,1,1,1,1,1,1,1,1,1,1,1,1,1,1,1,1,1,1,1,1,1,1,1,1,1,1,1,1,1
1,1,1,1,1,1,1,1,1,1,1,1,1,1,1,1,1,1,1,1,1,1,1,1,1,1,1,1,1,1,1,1,1,1,1,1,1,1,1,1,1,1,1,1,1,1,1,1,1,1,1,1,1,1,1,1,1,1,1,1
1,1,1,1,1,1,1,1,1,1,1,1,1,1,1,1,1,1,1,1,1,1,1,1,1,1,1,1,1,1,1,1,1,1,1,1,1,1,1,1,1,1,1,1,1,1,1,1,1,1,1,1,1,1,1,1,1,1,1,1

5583,5584,5585,5583,5584,5585,5586,5748,5748,5586,5586,5586,5586,5586,5586,5586,5586,5585,5586,5586,5586,5586,5586,5586,5586,5586,5586,5586,5586,5586,5586,5586,5586,5586,5586,5586,5586,5586,5586,5586,5586,5586,5586,5586,5586,5586,5586,5586,5586,5586,5586,5586,5586,5586,5586,5586,5586,5586,5586,5748
5583,5584,5585,5745,5746,5747,5748,5910,5910,5748,5748,5748,5748,5748,5748,5748,5748,5747,5748,5748,5748,5748,5748,5748,5748,5748,5748,5748,5748,5748,5748,5748,5748,5748,5748,5748,5748,5748,5748,5748,5748,5748,5748,5748,5748,5748,5748,5748,5748,5748,5748,5748,5748,5748,5748,5748,5748,5748,5748,5910
5583,5584,5585,5907,5908,5909,5910,6072,6072,5910,5910,5910,5910,5910,5910,5910,5910,5909,5910,5910,5910,5910,5910,5910,5910,5910,5910,5910,5910,5910,5910,5910,5910,5910,5910,5910,5910,5910,5910,5910,5910,5910,5910,5910,5910,5910,5910,5910,5910,5910,5910,5910,5910,5910,5910,5910,5910,5910,5910,6072
5583,5584,5585,6069,6070,6071,6072,6071,6072,6072,6072,6072,6072,6072,6072,6072,6072,6071,6072,6072,6072,6072,6072,6072,6072,6072,6072,6072,6072,6072,6072,6072,6072,6072,6072,6072,6072,6072,6072,6072,6072,6072,6072,6072,6072,6072,6072,6072,6072,6072,6072,6072,6072,6072,6072,6072,6072,6072,6072,6072
5584,5585,5586,5748,109,110,110,110,110,110,110,110,110,110,110,110,110,110,110,111,112,113,110,110,110,110,110,110,110,110,110,110,110,111,112,113,112,113,113,113,113,113,113,113,113,113,113,113,111,112,113,113,113,113,113,114,6069,6070,6071,6072
5584,5585,5586,5910,147,6060,6060,6060,6060,6060,6060,6060,6060,6060,6060,6060,6060,6060,6060,6060,6060,6060,6060,6060,6060,6060,6060,6060,6060,6060,6060,6060,6060,6060,6060,6060,6060,6060,6060,6060,6060,6060,6060,6060,6060,6060,6060,6060,6060,6060,6060,6060,6060,6060,6060,190,6069,6070,6071,6072
5584,5585,5586,6072,147,6060,6060,6060,6060,6060,6060,6060,6060,6060,6060,6060,6060,6060,6060,6060,6060,6060,6060,6060,6060,6060,6060,6060,6060,6060,6060,6060,6060,6060,6060,6060,6060,6060,6060,6060,6060,6060,6060,6060,6060,6060,6060,6060,6060,6060,6060,6060,6060,6060,6060,228,6069,6070,6071,6072
5583,5584,5585,5586,147,6060,6060,6060,6060,6060,6060,6060,6060,6060,6060,6060,6060,6060,6060,6060,6060,6060,6060,6060,6060,6060,6060,6060,6060,6060,6060,6060,6060,6060,6060,6060,6060,6060,6060,6060,6060,6060,6060,6060,6060,6060,6060,6060,6060,6060,6060,6060,6060,6060,6060,266,6069,6070,6071,6072
5583,5584,5585,5586,147,6060,6060,6060,6060,6060,6060,6060,6060,6060,6060,6060,6060,6060,6060,6060,6060,6060,6060,6060,6060,6060,6060,6060,6060,6060,6060,6060,6060,6060,6060,6060,6060,6060,6060,6060,6060,6060,6060,6060,6060,6060,6060,6060,6060,6060,6060,6060,6060,6060,6060,152,6069,6070,6071,6072
5583,5584,5585,5586,147,6060,6060,6060,6060,6060,6060,6060,6060,6060,6060,6060,6060,6060,6060,6060,6060,6060,6060,6060,6060,6060,6060,6060,6060,6060,6060,6060,6060,6060,6060,6060,6060,6060,6060,6060,6060,6060,6060,6060,6060,6060,6060,6060,6060,6060,6060,6060,6060,6060,6060,152,6069,6070,6071,6072
5583,5584,5585,5586,147,6060,6060,6060,6060,6060,6060,6060,6060,6060,6060,6060,6060,6060,6060,6060,6060,6060,6060,6060,6060,6060,6060,6060,6060,6060,6060,6060,6060,6060,6060,6060,6060,6060,6060,6060,6060,6060,6060,6060,6060,6060,6060,6060,6060,6060,6060,6060,6060,6060,6060,152,6069,6070,6071,6072
5583,5584,5585,5586,147,6060,6060,6060,6060,6060,6060,6060,6060,6060,6060,6060,6060,6060,6060,6060,6060,6060,6060,6060,6060,6060,6060,6060,6060,6060,6060,6060,6060,6060,6060,6060,6060,6060,6060,6060,6060,6060,6060,6060,6060,6060,6060,6060,6060,6060,6060,6060,6060,6060,6060,152,6069,6070,6071,6072
5583,5584,5585,5586,185,6060,6060,6060,6060,6060,5204,5202,5203,5201,5201,5201,5201,5201,5201,5201,5201,5201,5201,5201,5202,5203,5204,5201,5202,5203,5204,5204,5204,5204,5204,5204,5204,5204,5204,5204,5204,5204,5204,5204,5204,5204,5204,5204,5204,5366,6060,6060,6060,6060,6060,152,6069,6070,6071,6072
5583,5584,5585,5586,223,6060,6060,6060,6060,6060,5366,7024,7024,7024,7024,7024,7024,7024,7024,7024,7024,7024,7024,7024,7024,7024,7024,7024,7024,7024,7024,7024,7024,7024,7024,7024,7024,7024,7024,7024,7024,7024,7024,7024,7024,7024,7024,7024,7024,5528,6060,6060,6060,6060,6060,152,6069,6070,6071,6072
5583,5584,5585,5586,147,6060,6060,6060,6060,6060,5528,7024,7024,7024,7024,7024,7024,7024,7024,7024,7024,7024,7024,7024,7024,7024,7024,7024,7024,7024,7024,7024,7024,7024,7024,7024,7024,7024,7024,7024,7024,7024,7024,7024,7024,7024,7024,7024,7024,5690,6060,6060,6060,6060,6060,152,6069,6070,6071,6072
5583,5584,5585,5586,185,6060,6060,6060,6060,6060,5690,7024,7024,7024,7024,7024,7024,7024,7024,7024,7024,7024,7024,7024,7024,7024,7024,7024,7024,7024,7024,7024,7024,7024,7024,7024,7024,7024,7024,7024,7024,7024,7024,7024,7024,7024,7024,7024,7024,5852,6060,6060,6060,6060,6060,152,6069,6070,6071,6072
5583,5584,5585,5586,223,6060,6060,6060,6060,6060,5690,7024,7024,7024,7024,7024,7024,7024,7024,7024,7024,7024,7024,7024,7024,7024,7024,7024,7024,7024,7024,7024,7024,7024,7024,7024,7024,7024,7024,7024,7024,7024,7024,7024,7024,7024,7024,7024,7024,6014,6060,6060,6060,6060,6060,190,6069,6070,6071,6072
5583,5584,5585,5586,261,6060,6060,6060,6060,6060,5690,7024,7024,7024,7024,7024,7024,7024,7024,7024,7024,7024,7024,7024,7024,7024,7024,7024,7024,7024,7024,7024,7024,7024,7024,7024,7024,7024,7024,7024,7024,7024,7024,7024,7024,7024,7024,7024,7024,6014,6060,6060,6060,6060,6060,228,6069,6070,6071,6072
5583,5584,5585,5586,261,6060,6060,6060,6060,6060,5690,7024,7024,7024,7024,7024,7024,7024,7024,7024,7024,7024,7024,7024,7024,7024,7024,7024,7024,7024,7024,7024,7024,7024,7024,7024,7024,7024,7024,7024,7024,7024,7024,7024,7024,7024,7024,7024,7024,6014,6060,6060,6060,6060,6060,266,6069,6070,6071,6072
5745,5746,5747,5748,261,6060,6060,6060,6060,6060,5690,7024,7024,7024,7024,7024,7024,7024,7024,7024,7024,7024,7024,7024,7024,7024,7024,7024,7024,7024,7024,7024,7024,7024,7024,7024,7024,7024,7024,7024,7024,7024,7024,7024,7024,7024,7024,7024,7024,6014,6060,6060,6060,6060,6060,152,6069,6070,6071,6072
5907,5908,5909,5910,261,6060,6060,6060,6060,6060,5690,7024,7024,7024,7024,7024,7024,7024,7024,7024,7024,7024,7024,7024,7024,7024,7024,7024,7024,7024,7024,7024,7024,7024,7024,7024,7024,7024,7024,7024,7024,7024,7024,7024,7024,7024,7024,7024,7024,6014,6060,6060,6060,6060,6060,152,6069,6070,6071,6072
5583,5584,5585,5586,261,6060,6060,6060,6060,6060,5690,7024,7024,7024,7024,7024,7024,7024,7024,7024,7024,7024,7024,7024,7024,7024,7024,7024,7024,7024,7024,7024,7024,7024,7024,7024,7024,7024,7024,7024,7024,7024,7024,7024,7024,7024,7024,7024,7024,6014,6060,6060,6060,6060,6060,152,6069,6070,6071,6072
5583,5584,5585,5586,261,6060,6060,6060,6060,6060,5690,7024,7024,7024,7024,7024,7024,7024,7024,7024,7024,7024,7024,7024,7024,7024,7024,7024,7024,7024,7024,7024,7024,7024,7024,7024,7024,7024,7024,7024,7024,7024,7024,7024,7024,7024,7024,7024,7024,6014,6060,6060,6060,6060,6060,152,6069,6070,6071,6072
5583,5584,5585,5586,261,6060,6060,6060,6060,6060,5690,7024,7024,7024,7024,7024,7024,7024,7024,7024,7024,7024,7024,7024,7024,7024,7024,7024,7024,7024,7024,7024,7024,7024,7024,7024,7024,7024,7024,7024,7024,7024,7024,7024,7024,7024,7024,7024,7024,6014,6060,6060,6060,6060,6060,152,6069,6070,6071,6072
5583,5584,5585,5586,261,6060,6060,6060,6060,6060,5690,7024,7024,7024,7024,7024,7024,7024,7024,7024,7024,7024,7024,7024,7024,7024,7024,7024,7024,7024,7024,7024,7024,7024,7024,7024,7024,7024,7024,7024,7024,7024,7024,7024,7024,7024,7024,7024,7024,6014,6060,6060,6060,6060,6060,152,6069,6070,6071,6072
5583,5584,5585,5586,261,6060,6060,6060,6060,6060,5690,7024,7024,7024,7024,7024,7024,7024,7024,7024,7024,7024,7024,7024,7024,7024,7024,7024,7024,7024,7024,7024,7024,7024,7024,7024,7024,7024,7024,7024,7024,7024,7024,7024,7024,7024,7024,7024,7024,6014,6060,6060,6060,6060,6060,152,6069,6070,6071,6072
5583,5584,5585,5586,261,6060,6060,6060,6060,6060,5690,7024,7024,7024,7024,7024,7024,7024,7024,7024,7024,7024,7024,7024,7024,7024,7024,7024,7024,7024,7024,7024,7024,7024,7024,7024,7024,7024,7024,7024,7024,7024,7024,7024,7024,7024,7024,7024,7024,6014,6060,6060,6060,6060,6060,190,6069,6070,6071,6072
5583,5584,5585,5586,261,6060,6060,6060,6060,6060,5690,7024,7024,7024,7024,7024,7024,7024,7024,7024,7024,7024,7024,7024,7024,7024,7024,7024,7024,7024,7024,7024,7024,7024,7024,7024,7024,7024,7024,7024,7024,7024,7024,7024,7024,7024,7024,7024,7024,6014,6060,6060,6060,6060,6060,228,6069,6070,6071,6072
5745,5746,5747,5748,261,6060,6060,6060,6060,6060,5690,7024,7024,7024,7024,7024,7024,7024,7024,7024,7024,7024,7024,7024,7024,7024,7024,7024,7024,7024,7024,7024,7024,7024,7024,7024,7024,7024,7024,7024,7024,7024,7024,7024,7024,7024,7024,7024,7024,6014,6060,6060,6060,6060,6060,266,5745,5746,5747,5748
5907,5908,5909,5910,185,6060,6060,6060,6060,6060,5690,7024,7024,7024,7024,7024,7024,7024,7024,7024,7024,7024,7024,7024,7024,7024,7024,7024,7024,7024,7024,7024,7024,7024,7024,7024,7024,7024,7024,7024,7024,7024,7024,7024,7024,7024,7024,7024,7024,6014,6060,6060,6060,6060,6060,152,5907,5908,5909,5910
5583,5584,5585,5586,223,6060,6060,6060,6060,6060,5690,7024,7024,7024,7024,7024,7024,7024,7024,7024,7024,7024,7024,7024,7024,7024,7024,7024,7024,7024,7024,7024,7024,7024,7024,7024,7024,7024,7024,7024,7024,7024,7024,7024,7024,7024,7024,7024,7024,6014,6060,6060,6060,6060,6060,152,6069,6070,6071,6072
5583,5584,5585,5586,261,6060,6060,6060,6060,6060,5690,7024,7024,7024,7024,7024,7024,7024,7024,7024,7024,7024,7024,7024,7024,7024,7024,7024,7024,7024,7024,7024,7024,7024,7024,7024,7024,7024,7024,7024,7024,7024,7024,7024,7024,7024,7024,7024,7024,6014,6060,6060,6060,6060,6060,152,6069,6070,6071,6072
5583,5584,5585,5586,261,6060,6060,6060,6060,6060,5690,7024,7024,7024,7024,7024,7024,7024,7024,7024,7024,7024,7024,7024,7024,7024,7024,7024,7024,7024,7024,7024,7024,7024,7024,7024,7024,7024,7024,7024,7024,7024,7024,7024,7024,7024,7024,7024,7024,6014,6060,6060,6060,6060,6060,152,6069,6070,6071,6072
5583,5584,5585,5586,261,6060,6060,6060,6060,6060,5690,7024,7024,7024,7024,7024,7024,7024,7024,7024,7024,7024,7024,7024,7024,7024,7024,7024,7024,7024,7024,7024,7024,7024,7024,7024,7024,7024,7024,7024,7024,7024,7024,7024,7024,7024,7024,7024,7024,6014,6060,6060,6060,6060,6060,152,6069,6070,6071,6072
5583,5584,5585,5586,261,6060,6060,6060,6060,6060,5690,7024,7024,7024,7024,7024,7024,7024,7024,7024,7024,7024,7024,7024,7024,7024,7024,7024,7024,7024,7024,7024,7024,7024,7024,7024,7024,7024,7024,7024,7024,7024,7024,7024,7024,7024,7024,7024,7024,6014,6060,6060,6060,6060,6060,152,6069,6070,6071,6072
5583,5584,5585,5586,261,6060,6060,6060,6060,6060,5690,7024,7024,7024,7024,7024,7024,7024,7024,7024,7024,7024,7024,7024,7024,7024,7024,7024,7024,7024,7024,7024,7024,7024,7024,7024,7024,7024,7024,7024,7024,7024,7024,7024,7024,7024,7024,7024,7024,6014,6060,6060,6060,6060,6060,190,6069,6070,6071,6072
5583,5584,5585,5586,261,6060,6060,6060,6060,6060,5690,7024,7024,7024,7024,7024,7024,7024,7024,7024,7024,7024,7024,7024,7024,7024,7024,7024,7024,7024,7024,7024,7024,7024,7024,7024,7024,7024,7024,7024,7024,7024,7024,7024,7024,7024,7024,7024,7024,6014,6060,6060,6060,6060,6060,228,6069,6070,6071,6072
5583,5584,5585,5586,261,6060,6060,6060,6060,6060,5690,7024,7024,7024,7024,7024,7024,7024,7024,7024,7024,7024,7024,7024,7024,7024,7024,7024,7024,7024,7024,7024,7024,7024,7024,7024,7024,7024,7024,7024,7024,7024,7024,7024,7024,7024,7024,7024,7024,6014,6060,6060,6060,6060,6060,266,6069,6070,6071,6072
5583,5584,5585,5586,261,6060,6060,6060,6060,6060,5690,7024,7024,7024,7024,7024,7024,7024,7024,7024,7024,7024,7024,7024,7024,7024,7024,7024,7024,7024,7024,7024,7024,7024,7024,7024,7024,7024,7024,7024,7024,7024,7024,7024,7024,7024,7024,7024,7024,6014,6060,6060,6060,6060,6060,152,5907,5908,5909,5910
5583,5584,5585,5586,261,6060,6060,6060,6060,6060,5690,7024,7024,7024,7024,7024,7024,7024,7024,7024,7024,7024,7024,7024,7024,7024,7024,7024,7024,7024,7024,7024,7024,7024,7024,7024,7024,7024,7024,7024,7024,7024,7024,7024,7024,7024,7024,7024,7024,6014,6060,6060,6060,6060,6060,152,6069,6070,6071,6072
5583,5584,5585,5586,261,6060,6060,6060,6060,6060,5690,7024,7024,7024,7024,7024,7024,7024,7024,7024,7024,7024,7024,7024,7024,7024,7024,7024,7024,7024,7024,7024,7024,7024,7024,7024,7024,7024,7024,7024,7024,7024,7024,7024,7024,7024,7024,7024,7024,6014,6060,6060,6060,6060,6060,152,6069,6070,6071,6072
5583,5584,5585,5586,261,6060,6060,6060,6060,6060,5690,7024,7024,7024,7024,7024,7024,7024,7024,7024,7024,7024,7024,7024,7024,7024,7024,7024,7024,7024,7024,7024,7024,7024,7024,7024,7024,7024,7024,7024,7024,7024,7024,7024,7024,7024,7024,7024,7024,6014,6060,6060,6060,6060,6060,152,6069,6070,6071,6072
5583,5584,5585,5586,147,6060,6060,6060,6060,6060,5690,7024,7024,7024,7024,7024,7024,7024,7024,7024,7024,7024,7024,7024,7024,7024,7024,7024,7024,7024,7024,7024,7024,7024,7024,7024,7024,7024,7024,7024,7024,7024,7024,7024,7024,7024,7024,7024,7024,6014,6060,6060,6060,6060,6060,152,6069,6070,6071,6072
5583,5584,5585,5586,185,6060,6060,6060,6060,6060,5690,7024,7024,7024,7024,7024,7024,7024,7024,7024,7024,7024,7024,7024,7024,7024,7024,7024,7024,7024,7024,7024,7024,7024,7024,7024,7024,7024,7024,7024,7024,7024,7024,7024,7024,7024,7024,7024,7024,6014,6060,6060,6060,6060,6060,152,6069,6070,6071,6072
5583,5584,5585,5586,223,6060,6060,6060,6060,6060,5690,7024,7024,7024,7024,7024,7024,7024,7024,7024,7024,7024,7024,7024,7024,7024,7024,7024,7024,7024,7024,7024,7024,7024,7024,7024,7024,7024,7024,7024,7024,7024,7024,7024,7024,7024,7024,7024,7024,6014,6060,6060,6060,6060,6060,152,6069,6070,6071,6072
5583,5584,5585,5586,261,6060,6060,6060,6060,6060,5690,7024,7024,7024,7024,7024,7024,7024,7024,7024,7024,7024,7024,7024,7024,7024,7024,7024,7024,7024,7024,7024,7024,7024,7024,7024,7024,7024,7024,7024,7024,7024,7024,7024,7024,7024,7024,7024,7024,6014,6060,6060,6060,6060,6060,152,6069,6070,6071,6072
5583,5584,5585,5586,261,6060,6060,6060,6060,6060,5690,7024,7024,7024,7024,7024,7024,7024,7024,7024,7024,7024,7024,7024,7024,7024,7024,7024,7024,7024,7024,7024,7024,7024,7024,7024,7024,7024,7024,7024,7024,7024,7024,7024,7024,7024,7024,7024,7024,6014,6060,6060,6060,6060,6060,152,6069,6070,6071,6072
5583,5584,5585,5586,261,6060,6060,6060,6060,6060,5690,7024,7024,7024,7024,7024,7024,7024,7024,7024,7024,7024,7024,7024,7024,7024,7024,7024,7024,7024,7024,7024,7024,7024,7024,7024,7024,7024,7024,7024,7024,7024,7024,7024,7024,7024,7024,7024,7024,6014,6060,6060,6060,6060,6060,152,6069,6070,6071,6072
5583,5584,5585,5586,261,6060,6060,6060,6060,6060,5690,7024,7024,7024,7024,7024,7024,7024,7024,7024,7024,7024,7024,7024,7024,7024,7024,7024,7024,7024,7024,7024,7024,7024,7024,7024,7024,7024,7024,7024,7024,7024,7024,7024,7024,7024,7024,7024,7024,6014,6060,6060,6060,6060,6060,152,6069,6070,6071,6072
5583,5584,5585,5586,261,6060,6060,6060,6060,6060,5690,7024,7024,7024,7024,7024,7024,7024,7024,7024,7024,7024,7024,7024,7024,7024,7024,7024,7024,7024,7024,7024,7024,7024,7024,7024,7024,7024,7024,7024,7024,7024,7024,7024,7024,7024,7024,7024,7024,6014,6060,6060,6060,6060,6060,152,6069,6070,6071,6072
5583,5584,5585,5586,261,6060,6060,6060,6060,6060,5690,7024,7024,7024,7024,7024,7024,7024,7024,7024,7024,7024,7024,7024,7024,7024,7024,7024,7024,7024,7024,7024,7024,7024,7024,7024,7024,7024,7024,7024,7024,7024,7024,7024,7024,7024,7024,7024,7024,6014,6060,6060,6060,6060,6060,152,6069,6070,6071,6072
5583,5584,5585,5586,261,6060,6060,6060,6060,6060,5201,5201,5201,5201,5201,5201,5201,5202,5203,5204,5201,5202,5203,5204,5204,5204,5204,5204,5204,5204,5204,5204,5204,5204,5204,5204,5204,5204,5204,5204,5204,5204,5204,5204,5204,5204,5204,5204,5204,6014,6060,6060,6060,6060,6060,152,6069,6070,6071,6072
5584,5585,5586,5586,261,6060,6060,6060,6060,6060,6060,6060,6060,6060,6060,6060,6060,6060,6060,6060,6060,6060,6060,6060,6060,6060,6060,6060,6060,6060,6060,6060,6060,6060,6060,6060,6060,6060,6060,6060,6060,6060,6060,6060,6060,6060,6060,6060,6060,6060,6060,6060,6060,6060,6060,190,6069,6070,6071,6072
5584,5585,5586,5748,261,6060,6060,6060,6060,6060,6060,6060,6060,6060,6060,6060,6060,6060,6060,6060,6060,6060,6060,6060,6060,6060,6060,6060,6060,6060,6060,6060,6060,6060,6060,6060,6060,6060,6060,6060,6060,6060,6060,6060,6060,6060,6060,6060,6060,6060,6060,6060,6060,6060,6060,228,6069,6070,6071,6072
5584,5585,5586,5910,261,6060,6060,6060,6060,6060,6060,6060,6060,6060,6060,6060,6060,6060,6060,6060,6060,6060,6060,6060,6060,6060,6060,6060,6060,6060,6060,6060,6060,6060,6060,6060,6060,6060,6060,6060,6060,6060,6060,6060,6060,6060,6060,6060,6060,6060,6060,6060,6060,6060,6060,266,6069,6070,6071,6072
5584,5585,5586,6072,299,300,300,300,300,300,300,300,300,300,300,300,300,300,300,301,302,300,300,300,300,300,300,300,300,300,300,300,300,301,302,303,300,300,300,300,300,300,300,301,302,300,301,302,303,303,303,303,303,303,303,304,6069,6070,6071,6072
5583,5583,5583,5583,5583,5583,5583,5583,5583,5583,5583,5583,5583,5583,5583,5583,5583,5583,5583,5583,5583,5583,5583,5583,5583,5583,5583,5584,5583,5583,5583,5583,5583,5583,5583,5583,5583,5583,5583,5583,5583,5583,5583,5583,5583,5583,5583,5584,5583,5583,5583,5583,5583,5583,5583,5583,6069,6070,6071,6072
5745,5745,5745,5745,5745,5745,5745,5745,5745,5745,5745,5745,5745,5745,5745,5745,5745,5745,5745,5745,5745,5745,5745,5745,5745,5745,5583,5583,5745,5745,5745,5745,5745,5745,5745,5745,5745,5745,5745,5745,5745,5745,5745,5745,5745,5745,5745,5746,5745,5745,5745,5745,5745,5745,5745,5745,6069,6070,6071,6072
5907,5907,5907,5907,5907,5907,5907,5907,5907,5907,5907,5907,5907,5907,5907,5907,5907,5907,5907,5907,5907,5907,5907,5907,5907,5907,5745,5745,5907,5907,5907,5907,5907,5907,5907,5907,5907,5907,5907,5907,5907,5907,5907,5907,5907,5907,5907,5908,5907,5907,5907,5907,5907,5907,5907,5907,6069,6070,6071,6072
6069,6069,6069,6069,6069,6069,6069,6069,6069,6069,6069,6069,6069,6069,6069,6069,6069,6069,6069,6069,6069,6069,6069,6069,6069,6069,5907,5907,6069,6069,6069,6069,6069,6069,6069,6069,6069,6069,6069,6069,6069,6069,6069,6069,6069,6069,6069,6070,6069,6069,6069,6069,6069,6069,6069,6069,6069,6070,6071,6072

0,0,0,0,0,0,0,0,0,0,0,0,0,0,0,0,0,0,0,0,0,0,0,0,0,0,0,0,0,0,0,0,0,0,0,0,0,0,0,0,0,0,0,0,0,0,0,0,0,0,0,0,0,0,0,0,0,0,0,0
0,0,0,0,0,0,0,0,0,0,0,0,0,0,0,0,0,0,0,0,0,0,0,0,0,0,0,0,0,0,0,0,0,0,0,0,0,0,0,0,0,0,0,0,0,0,0,0,0,0,0,0,0,0,0,0,0,0,0,0
0,0,0,0,0,0,0,0,0,0,0,0,0,0,0,0,0,0,0,0,0,0,0,0,0,0,0,0,0,0,0,0,0,0,0,0,0,0,0,0,0,0,0,0,0,0,0,0,0,0,0,0,0,0,0,0,0,0,0,0
0,0,0,0,0,0,0,0,0,0,0,0,0,0,0,0,0,0,0,0,0,0,0,0,0,0,0,0,0,0,0,0,0,0,0,0,0,0,0,0,0,0,0,0,0,0,0,0,0,0,0,0,0,0,0,0,0,0,0,0
0,0,0,0,0,0,0,0,0,0,0,0,0,0,0,0,0,0,0,0,0,0,0,0,0,0,0,0,0,0,0,0,0,0,0,0,0,0,0,0,0,0,0,0,0,0,0,0,0,0,0,0,0,0,0,0,0,0,0,0
0,0,0,0,0,311,312,313,314,315,316,317,318,311,312,313,314,315,316,317,318,311,312,313,314,315,316,0,0,0,0,0,0,311,312,313,314,315,316,317,318,311,312,313,314,315,316,317,318,311,312,313,314,315,316,0,0,0,0,0
0,0,0,0,0,473,474,475,476,477,478,479,480,473,474,475,476,477,478,479,480,473,474,475,476,477,478,0,0,0,0,0,0,473,474,475,476,477,478,479,480,473,474,475,476,477,478,479,480,473,474,475,476,477,478,0,0,0,0,0
0,0,0,0,0,311,312,313,314,315,316,317,318,311,312,313,314,315,316,317,318,311,312,313,314,315,316,0,0,0,0,0,0,311,312,313,314,315,316,317,318,311,312,313,314,315,316,317,318,311,312,313,314,315,316,0,0,0,0,0
0,0,0,0,0,473,474,475,476,477,478,479,480,473,474,475,476,477,478,479,480,473,474,475,476,477,478,0,0,0,0,0,0,473,474,475,476,477,478,479,480,473,474,475,476,477,478,479,480,473,474,475,476,477,478,0,0,0,0,0
0,0,0,0,0,0,0,0,0,0,0,0,0,0,0,0,0,0,0,0,0,0,0,0,0,0,0,0,0,0,0,0,0,0,0,0,0,0,0,0,0,0,0,0,0,0,0,0,0,0,0,0,0,0,0,0,0,0,0,0
0,0,0,0,0,0,0,0,0,0,0,0,0,0,0,0,0,0,0,0,0,0,0,0,0,0,0,0,0,0,0,0,0,0,0,0,0,0,0,0,0,0,0,0,0,0,0,0,0,0,0,0,0,0,0,0,0,0,0,0
0,0,0,0,0,0,0,0,0,0,0,0,0,0,0,0,0,0,0,0,0,0,0,0,0,0,0,0,0,0,0,0,0,0,0,0,0,0,0,0,0,0,0,0,0,0,0,0,0,0,0,0,0,0,0,0,0,0,0,0
0,0,0,0,0,0,0,0,0,0,0,0,0,0,0,0,0,0,0,0,0,0,0,0,0,0,0,0,0,0,0,0,0,0,0,0,0,0,0,0,0,0,0,0,0,0,0,0,0,0,0,0,0,0,0,0,0,0,0,0
0,0,0,0,0,0,0,0,0,0,0,0,0,0,0,0,0,0,0,0,0,0,0,0,0,0,0,0,0,0,0,0,0,0,0,0,0,0,0,0,0,0,0,0,0,0,0,0,0,0,0,0,0,0,0,0,0,0,0,0
0,0,0,0,0,0,0,0,0,0,0,0,0,0,0,0,0,0,0,0,0,0,0,0,0,0,0,0,0,0,0,0,0,0,0,0,0,0,0,0,0,0,0,0,0,0,0,0,0,0,0,0,0,0,0,0,0,0,0,0
0,0,0,0,0,0,0,0,0,0,0,0,0,0,0,0,0,0,0,0,0,0,0,0,0,0,0,0,0,0,0,0,0,0,0,0,0,0,0,0,0,0,0,0,0,0,0,0,0,0,0,0,0,0,0,0,0,0,0,0
0,0,0,0,0,0,0,0,0,0,0,0,0,0,0,0,0,0,0,0,0,0,0,0,0,0,0,0,0,0,0,0,0,0,0,0,0,0,0,0,0,0,0,0,0,0,0,0,0,0,0,0,0,0,0,0,0,0,0,0
0,0,0,0,0,0,0,0,0,0,0,0,0,0,0,0,0,0,0,0,0,0,0,0,0,0,0,0,0,0,0,0,0,0,0,0,0,0,0,0,0,0,0,0,0,0,0,0,0,0,0,0,0,0,0,0,0,0,0,0
0,0,0,0,0,0,0,0,0,0,0,0,0,0,0,0,0,0,0,0,0,0,0,0,0,0,0,0,0,0,0,0,0,0,0,0,0,0,0,0,0,0,0,0,0,0,0,0,0,0,0,0,0,0,0,0,0,0,0,0
0,0,0,0,0,0,0,0,0,0,0,0,0,0,0,0,0,0,0,0,0,0,0,0,0,0,0,0,0,0,0,0,0,0,0,0,0,0,0,0,0,0,0,0,0,0,0,0,0,0,0,0,0,0,0,0,0,0,0,0
0,0,0,0,0,0,0,0,0,0,0,0,0,0,0,0,0,0,0,0,0,0,0,0,0,0,0,0,0,0,0,0,0,0,0,0,0,0,0,0,0,0,0,0,0,0,0,0,0,0,0,0,0,0,0,0,0,0,0,0
0,0,0,0,0,0,0,0,0,0,0,0,0,0,0,0,0,0,0,0,0,0,0,0,0,0,0,0,0,0,0,0,0,0,0,0,0,0,0,0,0,0,0,0,0,0,0,0,0,0,0,0,0,0,0,0,0,0,0,0
0,0,0,0,0,0,0,0,0,0,0,0,0,0,0,0,0,0,0,0,0,0,0,0,0,0,0,0,0,0,0,0,0,0,0,0,0,0,0,0,0,0,0,0,0,0,0,0,0,0,0,0,0,0,0,0,0,0,0,0
0,0,0,0,0,0,0,0,0,0,0,0,0,0,0,0,0,0,0,0,0,0,0,0,0,0,0,0,0,0,0,0,0,0,0,0,0,0,0,0,0,0,0,0,0,0,0,0,0,0,0,0,0,0,0,0,0,0,0,0
0,0,0,0,0,0,0,0,0,0,0,0,0,0,0,0,0,0,0,0,0,0,0,0,0,0,0,0,0,0,0,0,0,0,0,0,0,0,0,0,0,0,0,0,0,0,0,0,0,0,0,0,0,0,0,0,0,0,0,0
0,0,0,0,0,0,0,0,0,0,0,0,0,0,0,0,0,0,0,0,0,0,0,0,0,0,0,0,0,0,0,0,0,0,0,0,0,0,0,0,0,0,0,0,0,0,0,0,0,0,0,0,0,0,0,0,0,0,0,0
0,0,0,0,0,0,0,0,0,0,0,0,0,0,0,0,0,0,0,0,0,0,0,0,0,0,0,0,0,0,0,0,0,0,0,0,0,0,0,0,0,0,0,0,0,0,0,0,0,0,0,0,0,0,0,0,0,0,0,0
0,0,0,0,0,0,0,0,0,0,0,0,0,0,0,0,0,0,0,0,0,0,0,0,0,0,0,0,0,0,0,0,0,0,0,0,0,0,0,0,0,0,0,0,0,0,0,0,0,0,0,0,0,0,0,0,0,0,0,0
0,0,0,0,0,0,0,0,0,0,0,0,0,0,0,0,0,0,0,0,0,0,0,0,0,0,0,0,0,0,0,0,0,0,0,0,0,0,0,0,0,0,0,0,0,0,0,0,0,0,0,0,0,0,0,0,0,0,0,0
0,0,0,0,0,0,0,0,0,0,0,0,0,0,0,0,0,0,0,0,0,0,0,0,0,0,0,0,0,0,0,0,0,0,0,0,0,0,0,0,0,0,0,0,0,0,0,0,0,0,0,0,0,0,0,0,0,0,0,0
0,0,0,0,0,0,0,0,0,0,0,0,0,0,0,0,0,0,0,0,0,0,0,0,0,0,0,0,0,0,0,0,0,0,0,0,0,0,0,0,0,0,0,0,0,0,0,0,0,0,0,0,0,0,0,0,0,0,0,0
0,0,0,0,0,0,0,0,0,0,0,0,0,0,0,0,0,0,0,0,0,0,0,0,0,0,0,0,0,0,0,0,0,0,0,0,0,0,0,0,0,0,0,0,0,0,0,0,0,0,0,0,0,0,0,0,0,0,0,0
0,0,0,0,0,7891,7892,0,0,0,0,0,0,0,0,0,0,0,0,0,0,0,0,0,0,0,0,0,0,0,0,0,0,0,0,0,0,0,0,0,0,0,0,0,0,0,0,0,0,0,0,0,0,0,0,0,0,0,0,0
0,0,0,0,0,7923,7924,0,0,0,0,0,0,0,0,0,0,0,0,0,0,0,0,0,0,0,0,0,0,0,0,0,0,0,0,0,0,0,0,0,0,0,0,0,0,0,0,0,0,0,0,0,0,0,0,0,0,0,0,0
0,0,0,0,0,0,0,0,0,0,0,0,0,0,0,0,0,0,0,0,0,0,0,0,0,0,0,0,0,0,0,0,0,0,0,0,0,0,0,0,0,0,0,0,0,0,0,0,0,0,0,0,0,0,0,0,0,0,0,0
0,0,0,0,0,0,0,0,0,0,0,0,0,0,0,0,0,0,0,0,0,0,0,0,0,0,0,0,0,0,0,0,0,0,0,0,0,0,0,0,0,0,0,0,0,0,0,0,0,0,0,0,0,0,0,0,0,0,0,0
0,0,0,0,0,0,0,0,0,0,0,0,0,0,0,0,0,0,0,0,0,0,0,0,0,0,0,0,0,0,0,0,0,0,0,0,0,0,0,0,0,0,0,0,0,0,0,0,0,0,0,0,0,0,0,0,0,0,0,0
0,0,0,0,0,0,0,0,0,0,0,0,0,0,0,0,0,0,0,0,0,0,0,0,0,0,0,0,0,0,0,0,0,0,0,0,0,0,0,0,0,0,0,0,0,0,0,0,0,0,0,0,0,0,0,0,0,0,0,0
0,0,0,0,0,0,0,0,0,0,0,0,0,0,0,0,0,0,0,0,0,0,0,0,0,0,0,0,0,0,0,0,0,0,0,0,0,0,0,0,0,0,0,0,0,0,0,0,0,0,0,0,0,0,0,0,0,0,0,0
0,0,0,0,0,0,0,0,0,0,0,0,0,0,0,0,0,0,0,0,0,0,0,0,0,0,0,0,0,0,0,0,0,0,0,0,0,0,0,0,0,0,0,0,0,0,0,0,0,0,0,0,0,0,0,0,0,0,0,0
0,0,0,0,0,0,0,0,0,0,0,0,0,0,0,0,0,0,0,0,0,0,0,0,0,0,0,0,0,0,0,0,0,0,0,0,0,0,0,0,0,0,0,0,0,0,0,0,0,0,0,0,0,0,0,0,0,0,0,0
0,0,0,0,0,0,0,0,0,0,0,0,0,0,0,0,0,0,0,0,0,0,0,0,0,0,0,0,0,0,0,0,0,0,0,0,0,0,0,0,0,0,0,0,0,0,0,0,0,0,0,0,0,0,0,0,0,0,0,0
0,0,0,0,0,0,0,0,0,0,0,0,0,0,0,0,0,0,0,0,0,0,0,0,0,0,0,0,0,0,0,0,0,0,0,0,0,0,0,0,0,0,0,0,0,0,0,0,0,0,0,0,0,0,0,0,0,0,0,0
0,0,0,0,0,0,0,0,0,0,0,0,0,0,0,0,0,0,0,0,0,0,0,0,0,0,0,0,0,0,0,0,0,0,0,0,0,0,0,0,0,0,0,0,0,0,0,0,0,0,0,0,0,0,0,0,0,0,0,0
0,0,0,0,0,0,0,0,0,0,0,0,0,0,0,0,0,0,0,0,0,0,0,0,0,0,0,0,0,0,0,0,0,0,0,0,0,0,0,0,0,0,0,0,0,0,0,0,0,0,0,0,0,0,0,0,0,0,0,0
0,0,0,0,0,0,0,0,0,0,0,0,0,0,0,0,0,0,0,0,0,0,0,0,0,0,0,0,0,0,0,0,0,0,0,0,0,0,0,0,0,0,0,0,0,0,0,0,0,0,0,0,0,0,0,0,0,0,0,0
0,0,0,0,0,0,0,0,0,0,0,0,0,0,0,0,0,0,0,0,0,0,0,0,0,0,0,0,0,0,0,0,0,0,0,0,0,0,0,0,0,0,0,0,0,0,0,0,0,0,0,0,0,0,0,0,0,0,0,0
0,0,0,0,0,0,0,0,0,0,0,0,0,0,0,0,0,0,0,0,0,0,0,0,0,0,0,0,0,0,0,0,0,0,0,0,0,0,0,0,0,0,0,0,0,0,0,0,0,0,0,0,0,0,0,0,0,0,0,0
0,0,0,0,0,0,0,0,0,0,0,0,0,0,0,0,0,0,0,0,0,0,0,0,0,0,0,0,0,0,0,0,0,0,0,0,0,0,0,0,0,0,0,0,0,0,0,0,0,0,0,0,0,0,0,0,0,0,0,0
0,0,0,0,0,0,0,0,0,0,0,0,0,0,0,0,0,0,0,0,0,0,0,0,0,0,0,0,0,0,0,0,0,0,0,0,0,0,0,0,0,0,0,0,0,0,0,0,0,0,0,0,0,0,0,0,0,0,0,0
0,0,0,0,0,0,0,0,0,0,0,0,0,0,0,0,0,0,0,0,0,0,0,0,0,0,0,0,0,0,0,0,0,0,0,0,0,0,0,0,0,0,0,0,0,0,0,0,0,0,0,0,0,0,0,0,0,0,0,0
0,0,0,0,0,0,0,0,0,0,0,0,0,0,0,0,0,0,0,0,0,0,0,0,0,0,0,0,0,0,0,0,0,0,0,0,0,0,0,0,0,0,0,0,0,0,0,0,0,0,0,0,0,0,0,0,0,0,0,0
0,0,0,0,0,0,0,0,0,0,0,0,0,0,0,0,0,0,0,0,0,0,0,0,0,0,0,0,0,0,0,0,0,0,0,0,0,0,0,0,0,0,0,0,0,0,0,0,0,0,0,0,0,0,0,0,0,0,0,0
0,0,0,0,0,0,0,0,0,0,0,0,0,0,0,0,0,0,0,0,0,0,0,0,0,0,0,0,0,0,0,0,0,0,0,0,0,0,0,0,0,0,0,0,0,0,0,0,0,0,0,0,0,0,0,0,0,0,0,0
0,0,0,0,0,0,0,0,0,0,0,0,0,0,0,0,0,0,0,0,0,0,0,0,0,0,0,0,0,0,0,0,0,0,0,0,0,0,0,0,0,0,0,0,0,0,0,0,0,0,0,0,0,0,0,0,0,0,0,0
0,0,0,0,0,0,0,0,0,0,0,0,0,0,0,0,0,0,0,0,0,0,0,0,0,0,0,0,0,0,0,0,0,0,0,0,0,0,0,0,0,0,0,0,0,0,0,0,0,0,0,0,0,0,0,0,0,0,0,0
0,0,0,0,0,0,0,0,0,0,0,0,0,0,0,0,0,0,0,0,0,0,0,0,0,0,0,0,0,0,0,0,0,0,0,0,0,0,0,0,0,0,0,0,0,0,0,0,0,0,0,0,0,0,0,0,0,0,0,0
0,0,0,0,0,0,0,0,0,0,0,0,0,0,0,0,0,0,0,0,0,0,0,0,0,0,0,0,0,0,0,0,0,0,0,0,0,0,0,0,0,0,0,0,0,0,0,0,0,0,0,0,0,0,0,0,0,0,0,0
0,0,0,0,0,0,0,0,0,0,0,0,0,0,0,0,0,0,0,0,0,0,0,0,0,0,0,0,0,0,0,0,0,0,0,0,0,0,0,0,0,0,0,0,0,0,0,0,0,0,0,0,0,0,0,0,0,0,0,0
0,0,0,0,0,0,0,0,0,0,0,0,0,0,0,0,0,0,0,0,0,0,0,0,0,0,0,0,0,0,0,0,0,0,0,0,0,0,0,0,0,0,0,0,0,0,0,0,0,0,0,0,0,0,0,0,0,0,0,0

0,0,0,0,0,0,0,0,0,0,0,0,0,0,0,0,0,0,0,0,0,0,0,0,0,0,0,0,0,0,0,0,0,0,0,0,0,0,0,0,0,0,0,0,0,0,0,0,0,0,0,0,0,0,0,0,0,0,0,0
0,0,0,0,0,0,0,0,0,0,0,0,0,0,0,0,0,0,0,0,0,0,0,0,0,0,0,0,0,0,0,0,0,0,0,0,0,0,0,0,0,0,0,0,0,0,0,0,0,0,0,0,0,0,0,0,0,0,0,0
0,0,0,0,0,0,0,0,0,0,0,0,0,0,0,0,0,0,0,0,0,0,0,0,0,0,0,0,0,0,0,0,0,0,0,0,0,0,0,0,0,0,0,0,0,0,0,0,0,0,0,0,0,0,0,0,0,0,0,0
0,0,0,0,0,0,0,0,0,0,0,0,0,0,0,0,0,0,0,0,0,0,0,0,0,0,0,0,0,0,0,0,0,0,0,0,0,0,0,0,0,0,0,0,0,0,0,0,0,0,0,0,0,0,0,0,0,0,0,0
0,0,0,0,0,0,0,0,0,0,0,0,0,0,0,0,0,0,0,0,0,0,0,0,0,0,0,0,0,0,0,0,0,0,0,0,0,0,0,0,0,0,0,0,0,0,0,0,0,0,0,0,0,0,0,0,0,0,0,0
0,0,0,0,0,0,0,0,0,0,0,0,0,0,0,0,0,0,0,0,0,0,0,0,0,0,3094,3095,3096,3097,3098,3099,3100,3101,0,0,0,0,0,0,0,0,0,0,0,0,0,0,0,0,0,0,0,0,0,0,0,0,0,0
0,0,0,0,0,0,0,0,0,0,0,0,0,0,0,0,0,0,0,0,0,0,0,0,0,0,3256,3257,3258,3259,3260,3261,3262,3263,0,0,0,0,0,0,0,0,0,0,0,0,0,0,0,0,0,0,0,0,0,0,0,0,0,0
0,0,0,0,0,0,0,0,0,0,0,0,0,0,0,0,0,0,0,0,0,0,0,0,0,0,3418,3419,3420,3421,3422,3423,3424,3425,0,0,0,0,0,0,0,0,0,0,0,0,0,0,0,0,0,0,0,0,0,0,0,0,0,0
0,0,0,0,0,0,0,0,0,0,0,0,0,0,0,0,0,0,0,0,0,0,0,0,0,0,3580,3581,3582,3583,3584,3585,3586,3587,0,0,0,0,0,0,0,0,0,0,0,0,0,0,0,0,0,0,0,0,0,0,0,0,0,0
0,0,0,0,0,0,0,0,0,0,0,0,0,0,0,0,0,0,0,0,0,0,0,0,0,0,3742,3743,3744,3745,3746,3747,3748,3749,0,0,0,0,0,0,0,0,0,0,0,0,0,0,0,0,0,0,0,0,0,0,0,0,0,0
0,0,0,0,0,0,0,0,0,0,0,0,0,0,0,0,0,0,0,0,0,0,0,0,0,0,3904,3905,3906,3907,3908,3909,3910,3911,0,0,0,0,0,0,0,0,0,0,0,0,0,0,0,0,0,0,0,0,0,0,0,0,0,0
0,0,0,0,0,0,0,0,0,0,0,0,0,0,0,0,0,0,0,0,0,0,0,0,0,0,0,0,0,0,0,0,0,0,0,0,0,0,0,0,0,0,0,0,0,0,0,0,0,0,0,0,0,0,0,0,0,0,0,0
0,0,0,0,0,8155,8156,0,0,0,0,0,0,0,0,0,0,0,0,0,0,0,0,0,0,0,0,0,0,0,0,0,0,0,0,0,0,0,0,0,0,0,0,0,0,0,0,0,0,0,0,0,0,8155,8156,0,0,0,0,0
0,0,0,0,0,8187,8188,0,0,0,0,6241,6242,0,0,6241,6242,0,0,6241,6242,0,0,6241,6242,0,0,6241,6242,0,0,6241,6242,0,0,6241,6242,0,0,6241,6242,0,0,6241,6242,0,0,6241,6242,0,0,0,0,8187,8188,0,0,0,0,0
0,0,0,0,0,8283,8284,0,0,0,0,6403,6404,0,0,6403,6404,0,0,6403,6404,0,0,6403,6404,0,0,6403,6404,0,0,6403,6404,0,0,6403,6404,0,0,6403,6404,0,0,6403,6404,0,0,6403,6404,0,0,0,0,8283,8284,0,0,0,0,0
0,0,0,0,0,8315,8316,0,0,0,0,0,0,0,0,0,0,0,0,0,0,0,0,0,0,0,0,0,0,0,0,0,0,0,0,0,0,0,0,0,0,0,0,0,0,0,0,0,0,0,0,0,0,8315,8316,0,0,0,0,0
0,0,0,0,0,0,0,0,0,0,0,0,0,0,0,0,0,0,0,0,0,0,0,0,0,0,0,0,0,0,0,0,0,0,0,0,0,0,0,0,0,0,0,0,0,0,0,0,0,0,0,0,0,0,0,0,0,0,0,0
0,0,0,0,0,0,0,0,0,0,0,6241,6242,0,0,6241,6242,0,0,6241,6242,0,0,6241,6242,0,0,6241,6242,0,0,6241,6242,0,0,6241,6242,0,0,6241,6242,0,0,6241,6242,0,0,6241,6242,0,0,0,0,0,0,0,0,0,0,0
0,0,0,0,0,0,0,0,0,0,0,6403,6404,0,0,6403,6404,0,0,6403,6404,0,0,6403,6404,0,0,6403,6404,0,0,6403,6404,0,0,6403,6404,0,0,6403,6404,0,0,6403,6404,0,0,6403,6404,0,0,0,0,0,0,0,0,0,0,0
0,0,0,0,0,0,0,0,0,0,0,0,0,0,0,0,0,0,0,0,0,0,0,0,0,0,0,0,0,0,0,0,0,0,0,0,0,0,0,0,0,0,0,0,0,0,0,0,0,0,0,0,0,0,0,0,0,0,0,0
0,0,0,0,0,0,0,0,0,0,0,0,0,0,0,0,0,0,0,0,0,0,0,0,0,0,0,0,0,0,0,0,0,0,0,0,0,0,0,0,0,0,0,0,0,0,0,0,0,0,0,0,0,0,0,0,0,0,0,0
0,0,0,0,0,0,0,0,0,0,0,6241,6242,0,0,6241,6242,0,0,6241,6242,0,0,6241,6242,0,0,6241,6242,0,0,6241,6242,0,0,6241,6242,0,0,6241,6242,0,0,6241,6242,0,0,6241,6242,0,0,0,0,0,0,0,0,0,0,0
0,0,0,0,0,0,0,0,0,0,0,6403,6404,0,0,6403,6404,0,0,6403,6404,0,0,6403,6404,0,0,6403,6404,0,0,6403,6404,0,0,6403,6404,0,0,6403,6404,0,0,6403,6404,0,0,6403,6404,0,0,0,0,0,0,0,0,0,0,0
0,0,0,0,0,0,0,0,0,0,0,0,0,0,0,0,0,0,0,0,0,0,0,0,0,0,0,0,0,0,0,0,0,0,0,0,0,0,0,0,0,0,0,0,0,0,0,0,0,0,0,0,0,0,0,0,0,0,0,0
0,0,0,0,0,0,0,0,0,0,0,0,0,0,0,0,0,0,0,0,0,0,0,0,0,0,0,0,0,0,0,0,0,0,0,0,0,0,0,0,0,0,0,0,0,0,0,0,0,0,0,0,0,0,0,0,0,0,0,0
0,0,0,0,0,0,0,0,0,0,0,6241,6242,0,0,6241,6242,0,0,6241,6242,0,0,6241,6242,0,0,6241,6242,0,0,6241,6242,0,0,6241,6242,0,0,6241,6242,0,0,6241,6242,0,0,6241,6242,0,0,0,0,0,0,0,0,0,0,0
0,0,0,0,0,0,0,0,0,0,0,6403,6404,0,0,6403,6404,0,0,6403,6404,0,0,6403,6404,0,0,6403,6404,0,0,6403,6404,0,0,6403,6404,0,0,6403,6404,0,0,6403,6404,0,0,6403,6404,0,0,0,0,0,0,0,0,0,0,0
0,0,0,0,0,0,0,0,0,0,0,0,0,0,0,0,0,0,0,0,0,0,0,0,0,0,0,0,0,0,0,0,0,0,0,0,0,0,0,0,0,0,0,0,0,0,0,0,0,0,0,0,0,0,0,0,0,0,0,0
0,0,0,0,0,0,0,0,0,0,0,0,0,0,0,0,0,0,0,0,0,0,0,0,0,0,0,0,0,0,0,0,0,0,0,0,0,0,0,0,0,0,0,0,0,0,0,0,0,0,0,0,0,0,0,0,0,0,0,0
0,0,0,0,0,0,0,0,0,0,0,6241,6242,0,0,6241,6242,0,0,6241,6242,0,0,6241,6242,0,0,6241,6242,0,0,6241,6242,0,0,6241,6242,0,0,6241,6242,0,0,6241,6242,0,0,6241,6242,0,0,0,0,0,0,0,0,0,0,0
0,0,0,0,0,0,0,0,0,0,0,6403,6404,0,0,6403,6404,0,0,6403,6404,0,0,6403,6404,0,0,6403,6404,0,0,6403,6404,0,0,6403,6404,0,0,6403,6404,0,0,6403,6404,0,0,6403,6404,0,0,0,0,0,0,0,0,0,0,0
0,0,0,0,0,7761,7762,0,0,0,0,0,0,0,0,0,0,0,0,0,0,0,0,0,0,0,0,0,0,0,0,0,0,0,0,0,0,0,0,0,0,0,0,0,0,0,0,0,0,0,0,0,0,0,0,0,0,0,0,0
0,0,0,0,0,7793,7794,0,0,0,0,0,0,0,0,0,0,0,0,0,0,0,0,0,0,0,0,0,0,0,0,0,0,0,0,0,0,0,0,0,0,0,0,0,0,0,0,0,0,0,0,0,0,0,0,0,0,0,0,0
0,0,0,0,0,0,0,0,0,0,0,6241,6242,0,0,6241,6242,0,0,6241,6242,0,0,6241,6242,0,0,6241,6242,0,0,6241,6242,0,0,6241,6242,0,0,6241,6242,0,0,6241,6242,0,0,6241,6242,0,0,0,0,0,0,0,0,0,0,0
0,0,0,0,0,0,0,0,0,0,0,6403,6404,0,0,6403,6404,0,0,6403,6404,0,0,6403,6404,0,0,6403,6404,0,0,6403,6404,0,0,6403,6404,0,0,6403,6404,0,0,6403,6404,0,0,6403,6404,0,0,0,0,0,0,0,0,0,0,0
0,0,0,0,0,0,0,0,0,0,0,0,0,0,0,0,0,0,0,0,0,0,0,0,0,0,0,0,0,0,0,0,0,0,0,0,0,0,0,0,0,0,0,0,0,0,0,0,0,0,0,0,0,0,0,0,0,0,0,0
0,0,0,0,0,5395,5396,0,0,0,0,0,0,0,0,0,0,0,0,0,0,0,0,0,0,0,0,0,0,0,0,0,0,0,0,0,0,0,0,0,0,0,0,0,0,0,0,0,0,0,0,0,0,0,0,0,0,0,0,0
0,0,0,0,0,5557,5558,0,0,0,0,6241,6242,0,0,6241,6242,0,0,6241,6242,0,0,6241,6242,0,0,6241,6242,0,0,6241,6242,0,0,6241,6242,0,0,6241,6242,0,0,6241,6242,0,0,6241,6242,0,0,0,0,0,0,0,0,0,0,0
0,0,0,0,0,5719,5720,0,0,0,0,6403,6404,0,0,6403,6404,0,0,6403,6404,0,0,6403,6404,0,0,6403,6404,0,0,6403,6404,0,0,6403,6404,0,0,6403,6404,0,0,6403,6404,0,0,6403,6404,0,0,0,0,0,0,0,0,0,0,0
0,0,0,0,0,0,0,0,0,0,0,0,0,0,0,0,0,0,0,0,0,0,0,0,0,0,0,0,0,0,0,0,0,0,0,0,0,0,0,0,0,0,0,0,0,0,0,0,0,0,0,0,0,0,0,0,0,0,0,0
0,0,0,0,0,0,0,0,0,0,0,0,0,0,0,0,0,0,0,0,0,0,0,0,0,0,0,0,0,0,0,0,0,0,0,0,0,0,0,0,0,0,0,0,0,0,0,0,0,0,0,0,0,0,0,0,0,0,0,0
0,0,0,0,0,0,0,0,0,0,0,6241,6242,0,0,6241,6242,0,0,6241,6242,0,0,6241,6242,0,0,6241,6242,0,0,6241,6242,0,0,6241,6242,0,0,6241,6242,0,0,6241,6242,0,0,6241,6242,0,0,0,0,0,0,0,0,0,0,0
0,0,0,0,0,0,0,0,0,0,0,6403,6404,0,0,6403,6404,0,0,6403,6404,0,0,6403,6404,0,0,6403,6404,0,0,6403,6404,0,0,6403,6404,0,0,6403,6404,0,0,6403,6404,0,0,6403,6404,0,0,0,0,0,0,0,0,0,0,0
0,0,0,0,0,0,0,0,0,0,0,0,0,0,0,0,0,0,0,0,0,0,0,0,0,0,0,0,0,0,0,0,0,0,0,0,0,0,0,0,0,0,0,0,0,0,0,0,0,0,0,0,0,0,0,0,0,0,0,0
0,0,0,0,0,0,0,0,0,0,0,0,0,0,0,0,0,0,0,0,0,0,0,0,0,0,0,0,0,0,0,0,0,0,0,0,0,0,0,0,0,0,0,0,0,0,0,0,0,0,0,0,0,0,0,0,0,0,0,0
0,0,0,0,0,0,0,0,0,0,0,6241,6242,0,0,6241,6242,0,0,6241,6242,0,0,6241,6242,0,0,6241,6242,0,0,6241,6242,0,0,6241,6242,0,0,6241,6242,0,0,6241,6242,0,0,6241,6242,0,0,0,0,0,0,0,0,0,0,0
0,0,0,0,0,0,0,0,0,0,0,6403,6404,0,0,6403,6404,0,0,6403,6404,0,0,6403,6404,0,0,6403,6404,0,0,6403,6404,0,0,6403,6404,0,0,6403,6404,0,0,6403,6404,0,0,6403,6404,0,0,0,0,0,0,0,0,0,0,0
0,0,0,0,0,0,0,0,0,0,0,0,0,0,0,0,0,0,0,0,0,0,0,0,0,0,0,0,0,0,0,0,0,0,0,0,0,0,0,0,0,0,0,0,0,0,0,0,0,0,0,0,0,0,0,0,0,0,0,0
0,0,0,0,0,8153,8154,0,0,0,0,0,0,0,0,0,0,0,0,0,0,0,0,0,0,0,0,0,0,0,0,0,0,0,0,0,0,0,0,0,0,0,0,0,0,0,0,0,0,0,0,0,0,8153,8154,0,0,0,0,0
0,0,0,0,0,8185,8186,0,0,0,0,6241,6242,0,0,6241,6242,0,0,6241,6242,0,0,6241,6242,0,0,6241,6242,0,0,6241,6242,0,0,6241,6242,0,0,6241,6242,0,0,6241,6242,0,0,6241,6242,0,0,0,0,8185,8186,0,0,0,0,0
0,0,0,0,0,8281,8282,0,0,0,0,6403,6404,0,0,6403,6404,0,0,6403,6404,0,0,6403,6404,0,0,6403,6404,0,0,6403,6404,0,0,6403,6404,0,0,6403,6404,0,0,6403,6404,0,0,6403,6404,0,0,0,0,8281,8282,0,0,0,0,0
0,0,0,0,0,8313,8314,0,0,0,0,0,0,0,0,0,0,0,0,0,0,0,0,0,0,0,0,0,0,0,0,0,0,0,0,0,0,0,0,0,0,0,0,0,0,0,0,0,0,0,0,0,0,8313,8314,0,0,0,0,0
0,0,0,0,0,0,0,0,0,0,0,0,0,0,0,0,0,0,0,0,0,0,0,0,0,0,0,0,0,0,0,0,0,0,0,0,0,0,0,0,0,0,0,0,0,0,0,0,0,0,0,0,0,0,0,0,0,0,0,0
0,0,0,0,0,0,0,0,0,0,0,0,0,0,0,0,0,0,0,0,0,0,0,0,0,0,0,0,0,0,0,0,0,0,0,0,0,0,0,0,0,0,0,0,0,0,0,0,0,0,0,0,0,0,0,0,0,0,0,0
0,0,0,0,0,0,0,0,0,0,0,0,0,0,0,0,0,0,0,0,0,0,0,0,0,0,0,0,0,0,0,0,0,0,0,0,0,0,0,0,0,0,0,0,0,0,0,0,0,0,0,0,0,0,0,0,0,0,0,0
0,0,0,0,0,0,0,0,0,0,0,0,0,0,0,0,0,0,0,0,0,0,0,0,0,0,0,0,0,0,0,0,0,0,0,0,0,0,0,0,0,0,0,0,0,0,0,0,0,0,0,0,0,0,0,0,0,0,0,0
0,0,0,0,0,0,0,0,0,0,0,0,0,0,0,0,0,0,0,0,0,0,0,0,0,0,0,0,0,0,0,0,0,0,0,0,0,0,0,0,0,0,0,0,0,0,0,0,0,0,0,0,0,0,0,0,0,0,0,0
0,0,0,0,0,0,0,0,0,0,0,0,0,0,0,0,0,0,0,0,0,0,0,0,0,0,0,0,0,0,0,0,0,0,0,0,0,0,0,0,0,0,0,0,0,0,0,0,0,0,0,0,0,0,0,0,0,0,0,0
0,0,0,0,0,0,0,0,0,0,0,0,0,0,0,0,0,0,0,0,0,0,0,0,0,0,0,0,0,0,0,0,0,0,0,0,0,0,0,0,0,0,0,0,0,0,0,0,0,0,0,0,0,0,0,0,0,0,0,0
0,0,0,0,0,0,0,0,0,0,0,0,0,0,0,0,0,0,0,0,0,0,0,0,0,0,0,0,0,0,0,0,0,0,0,0,0,0,0,0,0,0,0,0,0,0,0,0,0,0,0,0,0,0,0,0,0,0,0,0