80,100,2
1,1,1,1,1,1,1,1,1,1,1,1,1,1,1,1,1,1,1,1,1,1,1,1,1,1,1,1,1,1,1,1,1,1,1,1,1,1,1,1,1,1,1,1,1,1,1,1,1,1,1,1,1,1,1,1,1,1,1,1,1,1,1,1,1,1,1,1,1,1,1,1,1,1,1,1,1,1,1,1,1,1,1,1,1,1,1,1,1,1,1,1,1,1,1,1,1,1,1,1
1,1,1,1,1,1,1,1,1,1,1,1,1,1,1,1,1,1,1,1,1,1,1,1,1,1,1,1,1,1,1,1,1,1,1,1,1,1,1,1,1,1,1,1,1,1,1,1,1,1,1,1,1,1,1,1,1,1,1,1,1,1,1,1,1,1,1,1,1,1,1,1,1,1,1,1,1,1,1,1,1,1,1,1,1,1,1,1,1,1,1,1,1,1,1,1,1,1,1,1
1,1,1,1,1,1,1,1,1,1,1,1,1,1,1,1,1,1,1,1,1,1,1,1,1,1,1,1,1,1,1,1,1,1,1,1,1,1,1,1,1,1,1,1,1,1,1,1,1,1,1,1,1,1,1,1,1,1,1,1,1,1,1,1,1,1,1,1,1,1,1,1,1,1,1,1,1,1,1,1,1,1,1,1,1,1,1,1,1,1,1,1,1,1,1,1,1,1,1,1
1,1,1,1,1,1,1,1,1,1,1,1,1,1,1,1,1,1,1,1,1,1,1,1,1,1,1,1,1,1,1,1,1,1,1,1,1,1,1,1,1,1,1,1,1,1,1,1,1,1,1,1,1,1,1,1,1,1,1,1,1,1,1,1,1,1,1,1,1,1,1,1,1,1,1,1,1,1,1,1,1,1,1,1,1,1,1,1,1,1,1,1,1,1,1,1,1,1,1,1
1,1,1,1,1,1,1,1,1,1,1,1,1,1,1,1,1,1,1,1,1,1,1,1,1,1,1,1,1,1,1,1,1,1,1,1,1,1,1,1,1,1,1,1,1,1,1,1,1,1,1,1,1,1,1,1,1,1,1,1,1,1,1,1,1,1,1,1,1,1,1,1,1,1,1,1,1,1,1,1,1,1,1,1,1,1,1,1,1,1,1,1,1,1,1,1,1,1,1,1
1,1,1,1,1,1,1,1,1,1,1,1,1,1,1,1,1,1,1,1,1,1,1,1,1,1,1,1,1,1,1,1,1,1,1,1,1,1,1,1,1,1,1,1,1,1,1,1,1,1,1,1,1,1,1,1,1,1,1,1,1,1,1,1,1,1,1,1,1,1,1,1,1,1,1,1,1,1,1,1,1,1,1,1,1,1,1,1,1,1,1,1,1,1,1,1,1,1,1,1
1,1,1,1,1,1,1,1,1,1,1,1,1,1,1,1,1,1,1,1,1,1,1,1,1,1,1,1,1,1,1,1,1,1,1,1,1,1,1,1,1,1,1,1,1,1,1,1,1,1,1,1,1,1,1,1,1,1,1,1,1,1,1,1,1,1,1,1,1,1,1,1,1,1,1,1,1,1,1,1,1,1,1,1,1,1,1,1,1,1,1,1,1,1,1,1,1,1,1,1
1,1,1,1,1,0,0,0,0,0,0,0,0,0,0,0,0,0,0,0,0,0,0,0,0,0,0,0,0,0,0,0,0,0,0,0,0,0,0,0,0,0,0,0,0,0,0,0,0,0,0,0,0,0,1,0,0,0,0,0,0,0,0,0,0,0,0,0,0,0,0,0,0,0,0,0,0,0,0,0,0,0,0,0,0,0,0,0,0,0,0,0,0,0,0,1,1,1,1,1
1,1,1,1,1,0,0,0,0,0,0,0,0,0,0,0,0,0,0,0,0,0,0,0,0,0,0,0,0,0,0,0,0,0,0,0,0,0,0,0,0,0,0,0,0,0,0,0,0,0,0,0,0,0,1,0,0,0,0,0,0,0,0,0,0,0,0,0,0,0,0,0,0,0,0,0,0,0,0,0,0,0,0,1,1,1,1,1,1,1,1,1,1,1,1,1,1,1,1,1
1,1,1,1,1,0,0,1,1,1,1,1,1,1,1,1,1,1,1,1,1,1,1,1,1,1,1,1,0,0,1,1,1,1,1,1,1,1,1,1,1,1,1,1,1,1,1,1,1,1,1,1,0,0,1,0,0,1,1,1,1,1,1,1,1,1,1,1,1,1,1,1,1,1,1,1,1,1,1,1,1,0,0,1,0,0,0,0,0,0,0,0,0,0,0,1,1,1,1,1
1,1,1,1,1,0,0,0,1,1,1,0,0,0,0,0,0,0,0,0,0,0,1,0,0,0,0,1,0,0,0,1,1,1,0,0,1,1,1,1,1,1,1,1,1,1,1,1,1,1,1,1,0,0,1,0,0,1,0,0,0,0,0,1,0,0,0,0,0,0,0,0,0,0,1,0,0,0,0,0,1,0,0,1,1,1,0,0,0,0,0,0,0,0,0,1,1,1,1,1
1,1,1,1,1,0,0,0,1,1,1,0,0,0,0,0,0,0,0,0,0,0,0,0,0,0,0,1,0,0,0,1,1,1,0,0,0,0,0,0,0,0,0,0,0,0,0,0,0,0,0,0,0,0,1,0,0,1,0,0,0,0,0,1,0,0,0,0,0,0,0,0,0,0,1,0,0,0,0,0,1,0,0,1,1,1,1,1,1,1,1,1,1,0,0,1,1,1,1,1
1,1,1,1,1,0,0,0,0,0,1,0,0,1,1,1,1,1,1,1,0,0,0,0,0,0,0,1,1,0,0,1,0,0,0,0,0,0,0,0,0,0,0,0,0,0,0,0,0,0,0,0,0,0,1,0,0,1,0,0,1,0,0,1,0,0,1,1,1,1,1,1,0,0,1,0,0,1,1,1,1,0,0,1,1,1,1,0,0,0,0,0,0,0,0,1,1,1,1,1
1,1,1,1,1,1,1,1,1,1,1,1,1,1,1,1,1,1,1,1,0,0,1,0,0,0,0,0,0,0,0,1,1,1,1,1,1,1,1,1,1,1,1,1,1,1,1,1,1,1,1,1,0,0,1,0,0,0,0,0,1,0,0,0,0,0,0,0,0,1,1,1,0,0,1,0,0,0,0,0,0,0,0,0,0,0,1,0,0,0,0,0,0,0,0,1,1,1,1,1
1,1,1,1,1,0,0,1,0,0,0,0,0,0,0,0,0,0,0,0,0,0,1,1,1,0,0,0,0,0,0,1,0,0,0,0,1,0,0,0,0,0,0,0,0,0,0,0,0,0,0,1,0,0,1,0,0,0,0,0,1,0,0,0,0,0,0,0,0,1,1,1,0,0,1,0,0,0,0,0,0,0,0,0,0,0,1,0,0,1,1,1,1,1,1,1,1,1,1,1
1,1,1,1,1,0,0,1,0,0,0,0,0,0,0,0,0,0,0,0,0,0,0,0,1,1,1,1,1,1,1,1,0,0,0,0,1,0,0,0,0,0,0,0,0,0,0,0,0,0,0,1,0,0,1,0,1,1,1,1,1,1,1,1,1,1,1,1,1,1,1,1,0,0,1,0,0,1,0,0,1,1,1,1,1,1,1,0,0,1,0,0,0,0,0,1,1,1,1,1
1,1,1,1,1,0,0,1,0,0,1,1,1,1,1,1,1,1,1,1,0,0,0,0,1,0,0,0,0,0,0,0,0,1,0,0,1,0,0,1,1,1,1,0,0,0,1,0,0,1,1,1,0,0,1,1,0,0,0,0,0,0,0,0,0,0,0,0,0,0,0,1,0,0,1,0,0,1,0,0,1,0,0,0,0,0,0,0,0,1,0,0,0,0,0,1,1,1,1,1
1,1,1,1,1,0,0,1,0,0,1,0,0,0,0,0,1,1,1,1,0,0,0,0,1,0,0,0,0,0,0,0,0,1,0,0,1,0,0,1,0,0,1,0,0,0,1,0,0,1,1,1,0,0,0,1,0,0,0,0,0,0,0,0,0,0,0,0,0,1,1,1,0,0,1,0,0,1,0,0,1,0,0,0,0,0,0,0,0,1,0,0,1,0,0,1,1,1,1,1
1,1,1,1,1,0,0,0,0,0,1,0,0,0,0,0,1,1,1,1,0,0,0,0,1,0,0,1,1,1,1,1,1,1,0,0,1,0,0,1,0,0,1,0,0,0,1,0,0,1,1,1,0,0,0,1,0,0,1,1,1,1,1,1,1,1,1,0,0,1,0,0,0,0,1,0,0,1,0,0,1,0,0,1,1,1,1,1,1,1,0,0,1,1,1,1,1,1,1,1
1,1,1,1,1,0,0,0,0,0,1,1,1,1,0,0,1,0,0,1,1,1,0,0,1,0,0,1,0,0,0,0,0,0,0,0,0,0,0,1,0,0,1,1,1,1,1,0,0,1,1,1,1,0,0,1,0,0,0,0,0,0,0,0,0,0,1,0,0,1,0,0,0,0,1,0,0,1,0,0,1,0,0,1,0,0,0,0,0,1,0,0,1,1,1,1,1,1,1,1
1,1,1,1,1,1,0,0,0,0,0,0,0,0,0,0,1,0,0,0,0,0,0,0,1,0,0,1,0,0,0,0,0,0,0,0,0,0,0,1,0,0,0,0,0,0,1,0,0,0,0,0,1,0,0,1,0,0,0,0,0,0,0,0,0,0,1,0,0,1,0,0,1,1,1,0,0,1,0,0,1,0,0,0,0,0,0,0,0,1,0,0,1,1,1,1,1,1,1,1
1,1,1,1,1,1,0,0,0,0,0,0,0,0,0,0,1,0,0,0,0,0,0,0,1,0,0,1,0,0,1,1,1,1,1,1,1,1,1,1,0,0,0,0,0,0,1,0,0,0,0,0,1,0,0,1,1,1,1,1,1,1,1,1,0,0,1,0,0,1,0,0,1,0,0,0,0,1,0,0,1,0,0,0,0,0,1,0,0,1,0,0,0,0,0,1,1,1,1,1
1,1,1,1,1,1,1,1,1,1,1,1,1,1,1,1,1,1,1,1,1,1,1,1,1,0,0,1,0,0,1,0,0,0,0,0,1,0,0,1,0,0,1,1,1,1,1,1,1,1,0,0,1,0,0,1,0,0,0,0,0,1,1,1,0,0,1,0,0,1,0,0,1,0,0,0,0,1,0,0,1,1,1,1,1,1,1,0,0,1,0,0,0,0,0,1,1,1,1,1
1,1,1,1,1,1,0,0,0,0,0,0,0,0,0,0,0,0,0,0,1,0,0,0,0,0,0,1,0,0,1,0,0,0,0,0,1,0,0,1,0,0,0,0,0,0,0,0,0,1,0,0,1,0,0,1,0,0,0,0,0,1,1,1,0,0,1,0,0,1,0,0,1,0,0,1,1,1,0,0,1,0,0,0,0,0,1,0,0,1,1,1,1,0,0,1,1,1,1,1
1,1,1,1,1,1,0,0,0,0,0,0,0,0,0,0,0,0,0,0,1,0,0,0,0,0,0,1,0,0,1,0,0,1,0,0,1,0,0,1,0,0,0,0,0,0,0,0,0,1,0,0,1,0,0,1,0,0,1,0,0,0,0,0,0,0,1,0,0,0,0,0,1,0,0,1,0,0,0,0,1,0,0,0,0,0,1,0,0,1,0,0,0,0,0,1,1,1,1,1
1,1,1,1,1,1,0,0,0,0,0,0,0,0,0,0,0,0,0,0,1,0,0,1,1,1,1,1,0,0,1,0,0,1,0,0,1,0,0,1,1,1,1,1,0,0,1,0,0,1,0,0,1,0,0,1,0,0,1,0,0,0,0,0,0,0,1,0,0,0,0,0,1,0,0,1,0,0,0,0,1,0,0,1,0,0,1,0,0,1,0,0,0,0,0,1,1,1,1,1
1,1,1,1,1,1,0,0,1,1,1,1,1,0,0,1,1,1,0,0,1,0,0,1,0,0,0,0,0,0,1,0,0,1,0,0,0,0,0,0,0,0,0,1,0,0,1,0,0,1,0,0,1,0,0,1,0,0,1,1,1,1,1,1,1,1,1,1,1,1,1,1,1,0,0,1,1,1,1,1,1,0,0,1,0,0,1,0,0,1,0,0,1,1,1,1,1,1,1,1
1,1,1,1,1,1,0,0,0,0,0,0,1,0,0,1,0,0,0,0,1,0,0,1,0,0,0,0,0,0,1,0,0,1,0,0,0,0,0,0,0,0,0,1,0,0,1,0,0,1,0,0,1,0,0,1,0,0,0,0,0,0,0,0,0,0,0,0,0,1,0,0,0,0,0,0,0,0,0,0,0,0,0,1,0,0,1,0,0,1,0,0,0,0,0,1,1,1,1,1
1,1,1,1,1,1,0,0,0,0,0,0,1,0,0,1,0,0,0,0,1,0,0,1,0,0,1,1,1,1,1,0,0,1,1,1,1,1,1,1,1,1,1,1,1,1,1,0,0,1,0,0,1,0,0,1,0,0,0,0,0,0,0,0,0,0,0,0,0,1,0,0,0,0,0,0,0,0,0,0,0,0,0,1,0,0,1,0,0,1,0,0,0,0,0,1,1,1,1,1
1,1,1,1,1,1,1,1,1,1,0,0,1,0,0,1,0,0,1,1,1,0,0,1,0,0,1,0,0,0,0,0,0,0,0,0,0,0,0,0,1,0,0,0,0,0,1,0,0,1,0,0,1,0,0,1,1,1,1,1,1,1,1,1,1,1,1,0,0,1,0,0,1,1,1,1,1,1,1,1,1,1,1,1,0,0,1,0,0,1,1,1,1,0,0,1,1,1,1,1
1,1,1,1,1,0,0,0,0,0,0,0,1,0,0,1,0,0,0,0,0,0,0,1,0,0,1,0,0,0,0,0,0,0,0,0,0,0,0,0,1,0,0,0,0,0,1,0,0,1,1,1,1,0,0,0,0,0,0,0,0,0,0,0,0,0,1,1,1,1,0,0,1,0,0,0,0,0,0,0,0,0,0,0,0,0,1,0,0,1,0,0,0,0,0,1,1,1,1,1
1,1,1,1,1,0,0,0,0,0,0,0,1,0,0,1,0,0,0,0,0,0,0,1,0,0,1,0,0,1,1,1,1,1,1,1,0,0,0,0,1,0,0,1,0,0,1,0,0,1,1,1,1,0,0,0,0,0,0,0,0,0,0,0,0,0,1,1,1,1,0,0,1,0,0,0,0,0,0,0,0,0,0,0,0,0,1,0,0,1,0,0,0,0,0,1,1,1,1,1
1,1,1,1,1,0,0,1,1,1,1,1,1,1,1,1,1,1,1,1,1,1,1,1,0,0,0,0,0,1,1,1,0,0,0,1,1,1,0,0,1,0,0,1,0,0,1,0,0,1,1,1,1,1,1,1,1,1,1,1,1,1,1,1,0,0,1,1,1,1,0,0,1,0,0,1,1,1,1,1,1,1,1,1,1,1,1,0,0,1,0,0,1,1,1,1,1,1,1,1
1,1,1,1,1,0,0,0,0,0,0,0,1,1,1,0,0,0,0,0,1,0,0,1,0,0,0,0,0,1,1,1,0,0,0,0,0,0,0,0,0,0,0,1,0,0,1,0,0,0,0,0,0,0,0,0,0,0,0,0,0,0,0,1,0,0,0,0,0,0,0,0,1,0,0,0,0,0,0,0,1,0,0,0,0,0,0,0,0,0,0,0,0,0,0,1,1,1,1,1
1,1,1,1,1,0,0,0,0,0,0,0,1,0,0,0,0,0,0,0,1,0,0,1,1,1,1,1,1,1,0,0,0,0,0,0,0,0,0,0,0,0,0,1,0,0,1,0,0,0,0,0,0,0,0,0,0,0,0,0,0,0,0,1,0,0,0,0,0,0,0,0,1,0,0,0,0,0,0,0,1,0,0,0,0,0,0,0,0,0,0,0,0,0,0,1,1,1,1,1
1,1,1,1,1,1,1,1,1,1,0,0,1,0,0,0,0,1,0,0,1,0,0,0,0,0,0,0,0,1,0,0,1,1,1,1,1,1,1,1,1,1,1,1,1,1,1,1,1,1,1,1,1,1,1,1,0,0,1,1,1,0,0,1,0,1,1,1,1,1,1,1,1,1,1,1,1,1,0,0,1,0,0,1,1,1,1,1,1,1,1,1,1,1,1,1,1,1,1,1
1,1,1,1,1,1,1,1,1,1,0,0,1,1,0,0,0,1,0,0,1,0,0,0,0,0,0,0,0,1,0,0,1,0,0,0,0,0,0,0,0,0,0,0,0,0,0,0,0,1,0,0,1,0,0,1,0,0,0,0,1,0,0,1,0,1,0,0,0,0,0,0,0,0,0,0,0,1,0,0,0,0,0,0,0,0,0,0,0,0,0,0,0,0,0,1,1,1,1,1
1,1,1,1,1,0,0,0,0,0,0,0,0,0,1,0,0,1,0,0,1,0,0,1,1,1,1,0,0,1,0,0,1,0,0,0,0,0,0,0,0,0,0,0,0,0,0,0,0,1,0,0,1,0,0,1,0,0,0,0,1,0,0,1,0,1,0,0,0,0,0,0,0,0,0,0,0,1,0,0,0,0,0,0,0,0,0,0,0,0,0,0,0,0,0,1,1,1,1,1
1,1,1,1,1,0,0,0,0,0,0,0,0,0,1,0,0,1,0,0,1,0,0,1,1,1,1,0,0,1,0,0,1,0,0,1,1,1,1,1,1,1,1,1,1,1,1,1,1,1,0,0,1,0,0,1,1,1,0,0,1,0,0,1,1,1,0,0,1,1,1,1,1,1,1,0,0,1,0,0,1,1,1,1,1,1,1,1,0,0,1,1,1,0,0,1,1,1,1,1
1,1,1,1,1,0,0,0,1,1,1,1,0,0,0,0,0,1,0,0,1,0,0,1,1,1,1,0,0,1,0,0,1,0,0,1,1,1,0,0,1,0,0,0,0,0,0,0,0,0,0,0,1,0,0,0,0,0,0,0,1,0,0,0,0,0,0,0,1,0,0,0,0,0,1,0,0,1,0,0,1,0,0,0,0,0,0,1,0,0,1,0,0,0,0,1,1,1,1,1
1,1,1,1,1,0,0,0,1,0,0,1,0,0,0,0,0,1,0,0,0,0,0,1,0,0,0,0,0,1,0,0,1,0,0,1,1,1,0,0,1,0,0,0,0,0,0,0,0,0,0,0,1,0,0,0,0,0,0,0,1,0,0,0,0,0,0,0,1,0,0,0,0,0,1,0,0,1,0,0,1,0,0,0,0,0,0,1,0,0,1,0,0,0,0,1,1,1,1,1
1,1,1,1,1,1,1,1,1,0,0,1,1,1,1,1,1,1,0,0,0,0,0,1,0,0,0,0,0,1,0,0,1,0,0,1,1,1,1,0,1,0,0,1,1,1,1,1,1,1,1,1,1,1,1,1,1,1,1,1,1,1,1,1,1,1,1,1,1,0,0,1,0,0,1,0,0,1,0,0,1,0,0,1,0,0,1,1,0,0,1,1,1,1,1,1,1,1,1,1
1,1,1,1,1,0,1,1,1,0,0,1,0,0,0,0,0,1,1,1,1,1,1,1,1,1,1,1,1,1,0,0,1,0,0,1,1,1,1,0,1,0,0,1,0,0,0,0,0,0,0,0,0,0,0,0,0,0,0,0,0,0,0,0,0,0,0,0,0,0,0,1,0,0,1,0,0,1,0,0,1,0,0,1,1,1,1,0,0,0,0,0,0,0,0,1,1,1,1,1
1,1,1,1,1,0,1,1,1,0,0,1,0,0,0,0,0,1,0,0,0,0,0,0,0,0,0,0,0,1,0,0,1,0,0,0,0,0,0,0,1,0,0,1,0,0,0,0,0,0,0,0,0,0,0,0,0,0,0,0,0,0,0,0,0,0,0,0,0,0,0,1,0,0,1,0,0,1,0,0,1,0,0,1,1,1,1,0,0,0,0,0,0,0,0,1,1,1,1,1
1,1,1,1,1,0,0,1,1,0,0,1,0,0,1,0,0,1,0,0,0,0,0,0,0,0,0,0,0,1,0,0,1,0,0,0,0,0,0,0,1,0,0,1,0,0,0,1,1,1,1,1,1,1,1,1,1,1,1,1,1,1,1,1,1,1,1,1,1,1,1,1,0,0,1,0,0,1,0,0,1,0,0,1,1,1,1,1,1,1,1,1,1,0,0,1,1,1,1,1
1,1,1,1,1,0,0,0,0,0,0,0,0,0,1,0,0,0,0,0,1,0,0,1,0,0,1,1,1,1,0,0,1,1,1,1,1,1,1,1,1,1,1,1,1,0,0,1,1,1,1,1,1,1,1,1,1,1,0,0,0,0,0,1,1,1,0,0,0,0,0,1,0,0,1,0,0,1,0,0,1,0,0,1,0,0,0,0,0,0,0,0,0,0,0,1,1,1,1,1
1,1,1,1,1,0,0,0,0,0,0,0,0,0,1,0,0,0,0,0,1,0,0,1,0,0,0,0,0,1,0,0,1,0,0,0,0,0,0,0,0,0,0,0,0,0,0,0,0,0,0,0,0,0,0,0,0,1,0,0,0,0,0,1,1,1,0,0,0,0,0,1,0,0,1,0,0,1,0,0,0,0,0,1,0,0,0,0,0,0,0,0,0,0,0,1,1,1,1,1
1,1,1,1,1,1,1,1,1,1,1,1,1,1,1,1,1,1,1,1,1,0,0,1,0,0,0,0,0,1,0,0,1,0,0,0,0,0,0,0,0,0,0,0,0,0,0,0,0,0,0,0,0,0,0,0,0,1,0,0,1,1,0,0,0,1,0,0,1,0,0,1,0,0,1,0,0,1,0,0,0,0,0,1,0,0,1,1,1,1,1,1,1,1,1,1,1,1,1,1
1,1,1,1,1,1,0,0,0,0,0,0,0,0,0,0,1,0,0,0,0,0,0,1,0,0,0,0,0,1,0,0,1,0,0,1,1,1,1,1,1,0,0,1,1,1,1,1,1,1,1,1,1,1,1,0,0,1,0,0,1,1,1,1,1,1,0,0,1,0,0,0,0,0,1,0,0,1,1,1,1,1,1,1,0,0,1,1,1,1,1,1,1,1,1,1,1,1,1,1
1,1,1,1,1,1,0,0,0,0,0,0,0,0,0,0,1,0,0,0,0,0,0,1,0,0,0,0,0,1,0,0,1,0,0,0,0,0,0,0,1,0,0,1,0,0,0,0,0,0,0,0,0,0,0,0,0,1,0,0,0,0,0,0,0,1,0,0,1,0,0,0,0,0,1,0,0,1,0,0,0,0,0,1,0,0,0,0,0,0,0,0,0,0,0,1,1,1,1,1
1,1,1,1,1,1,0,0,1,1,1,1,1,1,0,0,1,0,0,1,1,1,1,1,1,1,1,0,0,1,0,0,1,0,0,0,0,0,0,0,1,0,0,1,0,0,0,0,0,0,0,0,0,0,0,0,0,1,0,0,0,0,0,0,0,1,0,0,1,1,1,1,1,1,1,0,0,1,0,0,0,0,0,1,0,0,0,0,0,0,0,0,0,0,0,1,1,1,1,1
1,1,1,1,1,1,0,0,1,1,1,0,0,0,0,0,1,0,0,0,0,0,0,0,0,0,1,0,0,1,0,0,1,1,1,1,1,1,0,0,1,0,0,1,1,1,1,1,1,1,1,1,1,1,1,0,0,1,1,1,1,0,0,0,0,1,0,0,1,0,0,0,0,0,1,0,0,1,0,0,1,0,0,1,0,1,1,1,1,1,1,1,1,0,0,1,1,1,1,1
1,1,1,1,1,1,0,0,1,1,1,0,0,0,0,0,1,0,0,0,0,0,0,0,0,0,1,0,0,1,0,0,0,0,0,0,0,0,0,0,1,0,0,0,0,0,0,0,0,0,0,0,0,0,1,0,0,0,0,0,1,0,0,1,1,1,0,0,1,0,0,0,0,0,1,0,0,1,0,0,1,0,0,1,0,1,0,0,0,0,0,0,0,0,0,1,1,1,1,1
1,1,1,1,1,1,0,0,1,1,1,1,1,1,1,1,1,1,1,1,1,1,1,1,0,0,1,0,0,1,0,0,0,0,0,0,0,0,0,0,1,0,0,0,0,0,0,0,0,0,0,0,0,0,1,0,0,0,0,0,1,0,0,1,1,1,0,0,1,0,0,1,0,0,1,0,0,1,0,0,1,0,0,1,0,1,0,0,0,0,0,0,0,0,0,1,1,1,1,1
1,1,1,1,1,1,0,0,0,0,0,0,0,1,0,0,0,0,0,0,0,0,0,0,0,0,1,0,0,1,0,0,1,1,1,1,1,1,1,1,1,1,1,1,1,1,1,1,1,1,1,1,0,0,1,1,1,1,0,0,1,0,0,1,1,1,0,0,1,0,0,1,0,0,1,0,0,1,0,0,1,0,0,1,1,1,0,0,1,1,1,1,1,1,1,1,1,1,1,1
1,1,1,1,1,1,0,0,0,0,0,0,0,1,0,0,0,0,0,0,0,0,0,0,0,0,1,0,0,1,0,0,0,0,0,0,0,0,0,0,0,0,0,0,0,0,0,0,0,0,0,1,0,0,1,0,0,0,0,0,1,0,0,1,1,1,0,0,1,0,0,1,0,0,1,0,0,1,0,0,1,0,0,0,0,0,0,0,1,0,0,0,0,0,0,1,1,1,1,1
1,1,1,1,1,1,1,1,1,1,1,0,0,1,0,0,1,1,1,1,1,1,1,1,0,0,1,0,0,1,0,0,0,0,0,0,0,0,0,0,0,0,0,0,0,0,0,0,0,0,0,1,0,0,1,0,0,0,0,0,1,0,0,0,0,1,0,0,1,0,0,1,0,0,1,0,0,1,0,0,1,0,0,0,0,0,0,0,1,0,0,0,0,0,0,1,1,1,1,1
1,1,1,1,1,0,0,0,0,0,0,0,0,1,0,0,0,0,0,0,0,0,0,1,0,0,1,1,1,1,0,0,1,1,1,1,1,1,1,1,1,1,1,1,1,1,1,1,1,0,0,1,0,0,1,0,0,1,1,1,1,0,0,0,0,1,0,0,1,0,0,1,0,0,1,0,0,1,0,0,1,1,1,1,1,1,0,0,1,0,0,0,1,0,0,1,1,1,1,1
1,1,1,1,1,0,0,0,0,0,0,0,0,1,0,0,0,0,0,0,0,0,0,1,0,0,1,1,1,1,0,0,1,0,0,0,1,0,0,0,0,0,1,0,0,0,0,0,1,0,0,1,0,0,1,0,0,1,0,0,0,0,0,0,0,1,0,0,1,0,0,1,0,0,1,0,0,1,0,0,0,0,0,1,1,1,0,0,1,1,1,1,1,0,0,1,1,1,1,1
1,1,1,1,1,0,0,1,1,1,1,0,0,1,1,1,1,1,1,1,1,0,0,1,0,0,1,1,1,1,0,0,1,0,0,0,1,0,0,0,0,0,1,0,0,0,0,0,1,0,0,1,0,0,1,0,0,1,0,0,0,0,0,0,0,1,0,0,1,0,0,1,0,0,1,0,0,1,0,0,0,0,0,1,1,1,0,0,0,0,0,0,0,0,0,1,1,1,1,1
1,1,1,1,1,0,0,0,0,0,1,0,0,1,0,0,0,0,0,0,1,0,0,1,0,0,0,0,0,0,0,0,0,0,0,0,1,0,0,1,0,0,1,0,0,1,0,0,1,0,0,1,0,0,1,0,0,1,0,0,1,1,1,1,1,1,0,0,1,0,0,1,0,0,1,0,0,1,1,1,1,1,1,1,1,1,0,0,0,0,0,0,0,0,0,1,1,1,1,1
1,1,1,1,1,0,0,0,0,0,1,0,0,1,0,0,0,0,0,0,1,0,0,1,0,0,0,0,0,0,0,0,0,0,0,0,0,0,0,1,0,0,0,0,0,1,1,1,1,0,0,1,0,0,1,0,0,1,0,0,0,0,0,0,0,1,0,0,1,0,0,1,0,0,0,0,0,1,1,1,0,0,0,0,0,1,0,0,1,1,1,1,1,1,1,1,1,1,1,1
1,1,1,1,1,1,1,1,0,0,1,0,0,1,1,1,1,1,0,0,1,0,0,1,1,1,1,1,1,1,1,1,1,0,0,0,0,0,0,1,0,0,0,0,0,1,1,1,1,0,0,1,0,0,1,0,0,1,0,0,0,0,0,0,0,1,0,0,1,0,0,1,0,0,0,0,0,1,1,1,0,0,0,0,0,1,0,0,1,0,0,0,0,0,0,1,1,1,1,1
1,1,1,1,1,1,0,0,0,0,1,0,0,0,0,0,0,0,0,0,1,0,0,0,0,0,0,0,0,0,0,0,1,0,0,1,1,1,1,1,1,1,1,1,1,1,1,1,1,0,0,1,0,0,1,0,0,1,1,1,1,1,1,0,0,1,0,0,1,0,0,1,1,1,1,1,1,1,1,1,0,0,1,0,0,1,0,0,1,0,0,0,0,0,0,1,1,1,1,1
1,1,1,1,1,1,0,0,0,0,1,0,0,0,0,0,0,0,0,0,1,0,0,0,0,0,0,0,0,0,0,0,1,0,0,1,0,0,0,0,0,0,0,0,0,0,0,0,0,0,0,1,0,0,1,0,0,0,0,0,0,0,0,0,0,1,0,0,1,0,0,0,0,0,0,0,0,0,0,0,0,0,1,0,0,0,0,0,1,0,0,1,1,0,0,1,1,1,1,1
1,1,1,1,1,1,0,0,1,1,1,1,1,1,1,1,1,1,1,1,1,1,1,1,1,1,1,1,1,1,0,0,1,0,0,1,0,0,0,0,0,0,0,0,0,0,0,0,0,0,0,1,0,0,1,0,0,0,0,0,0,0,0,0,0,1,0,0,1,0,0,0,0,0,0,0,0,0,0,0,0,0,1,0,0,0,0,0,1,0,0,1,1,0,0,1,1,1,1,1
1,1,1,1,1,1,0,0,0,0,0,0,0,0,0,0,0,1,0,0,0,0,0,0,0,0,0,0,0,1,0,0,1,0,0,1,1,1,1,1,1,1,1,1,1,1,1,1,1,1,1,1,0,0,1,0,0,1,1,1,1,1,1,1,1,1,0,0,1,1,1,1,1,1,1,1,1,1,1,1,1,1,1,1,1,1,1,1,1,0,0,1,1,0,0,1,1,1,1,1
1,1,1,1,1,1,0,0,0,0,0,0,0,0,0,0,0,1,0,0,0,0,0,0,0,0,0,0,0,1,0,0,1,0,0,0,0,0,0,0,0,0,0,0,0,1,0,0,0,0,0,0,0,0,1,0,0,1,0,0,0,0,0,0,0,0,0,0,0,0,0,0,0,0,0,0,0,1,0,0,0,0,0,0,0,0,1,0,0,0,0,1,1,0,0,1,1,1,1,1
1,1,1,1,1,1,1,1,1,1,1,1,1,1,1,0,0,1,0,0,1,1,1,1,1,1,1,0,0,1,0,0,1,0,0,0,0,0,0,0,0,0,0,0,0,1,0,0,0,0,0,0,0,0,1,0,0,1,0,0,0,0,0,0,0,0,0,0,0,0,0,0,0,0,0,0,0,1,0,0,0,0,0,0,0,0,1,0,0,0,0,1,1,0,0,1,1,1,1,1
1,1,1,1,1,0,0,0,0,0,0,0,0,0,1,0,0,1,0,0,0,0,0,1,1,1,1,0,0,0,0,0,1,0,0,1,1,1,1,1,1,1,1,0,0,1,0,0,1,1,1,1,0,0,1,0,0,1,0,0,1,1,1,1,1,1,1,1,1,1,1,1,1,1,1,0,0,1,0,0,1,1,1,1,0,0,1,0,0,1,1,1,1,0,0,1,1,1,1,1
1,1,1,1,1,0,0,0,0,0,0,0,0,0,1,0,0,1,0,0,0,0,0,1,1,1,1,0,0,0,0,0,1,0,0,1,0,0,0,0,0,0,1,0,0,1,0,0,1,1,1,1,0,0,1,0,0,1,0,0,0,0,0,0,0,0,0,0,1,0,0,0,0,0,1,0,0,1,0,0,1,0,0,1,0,0,1,0,0,0,1,1,1,0,0,1,1,1,1,1
1,1,1,1,1,0,0,0,0,0,0,1,0,0,1,0,0,1,1,1,1,0,0,1,0,0,1,0,0,1,0,0,1,0,0,1,0,0,0,0,0,0,1,0,0,1,0,0,1,1,1,1,0,0,1,0,0,1,0,0,0,0,0,0,0,0,0,0,1,0,0,0,0,0,1,0,0,1,0,0,1,0,0,1,0,0,1,0,0,0,1,1,1,0,0,1,1,1,1,1
1,1,1,1,1,0,0,0,0,0,0,1,0,0,0,0,0,0,0,0,0,0,0,1,0,0,1,0,0,1,0,0,1,1,1,1,1,0,0,1,0,0,1,0,0,1,0,0,0,0,0,1,0,0,1,0,0,1,1,1,1,1,1,1,1,1,0,0,1,1,1,1,0,0,1,0,0,1,0,0,1,0,0,1,0,0,1,1,1,1,1,1,1,0,0,1,1,1,1,1
1,1,1,1,1,0,0,0,0,0,0,1,0,0,0,0,0,0,0,0,0,0,0,1,0,0,0,0,0,1,0,0,0,0,0,0,0,0,0,1,0,0,0,0,0,1,0,0,0,0,0,0,0,0,1,0,0,0,0,0,0,1,0,0,0,0,0,0,0,0,0,0,0,0,1,0,0,0,0,0,1,0,0,0,0,0,0,0,0,0,0,0,0,0,0,1,1,1,1,1
1,1,1,1,1,0,0,0,0,0,0,1,1,1,1,1,1,1,1,1,1,1,1,1,0,0,0,0,0,1,0,0,0,0,0,0,0,0,0,1,0,0,0,0,0,1,0,0,0,0,0,1,0,0,1,0,0,0,0,0,0,1,0,0,0,0,0,0,0,0,0,0,0,0,1,0,0,0,0,0,1,0,0,0,0,0,0,0,0,0,0,0,0,0,0,1,1,1,1,1
1,1,1,1,1,1,2,2,2,2,1,1,1,1,1,1,1,1,1,1,1,1,1,1,1,1,1,1,1,1,1,1,1,1,1,1,1,1,1,1,1,1,1,1,1,1,1,1,1,1,1,1,1,1,1,1,1,1,1,1,1,1,1,1,1,1,1,1,1,1,1,1,1,1,1,1,1,1,1,1,1,1,1,1,1,1,1,1,1,1,1,1,1,1,1,1,1,1,1,1
1,1,1,1,1,1,1,1,1,1,1,1,1,1,1,1,1,1,1,1,1,1,1,1,1,1,1,1,1,1,1,1,1,1,1,1,1,1,1,1,1,1,1,1,1,1,1,1,1,1,1,1,1,1,1,1,1,1,1,1,1,1,1,1,1,1,1,1,1,1,1,1,1,1,1,1,1,1,1,1,1,1,1,1,1,1,1,1,1,1,1,1,1,1,1,1,1,1,1,1
1,1,1,1,1,1,1,1,1,1,1,1,1,1,1,1,1,1,1,1,1,1,1,1,1,1,1,1,1,1,1,1,1,1,1,1,1,1,1,1,1,1,1,1,1,1,1,1,1,1,1,1,1,1,1,1,1,1,1,1,1,1,1,1,1,1,1,1,1,1,1,1,1,1,1,1,1,1,1,1,1,1,1,1,1,1,1,1,1,1,1,1,1,1,1,1,1,1,1,1
1,1,1,1,1,1,1,1,1,1,1,1,1,1,1,1,1,1,1,1,1,1,1,1,1,1,1,1,1,1,1,1,1,1,1,1,1,1,1,1,1,1,1,1,1,1,1,1,1,1,1,1,1,1,1,1,1,1,1,1,1,1,1,1,1,1,1,1,1,1,1,1,1,1,1,1,1,1,1,1,1,1,1,1,1,1,1,1,1,1,1,1,1,1,1,1,1,1,1,1
1,1,1,1,1,1,1,1,1,1,1,1,1,1,1,1,1,1,1,1,1,1,1,1,1,1,1,1,1,1,1,1,1,1,1,1,1,1,1,1,1,1,1,1,1,1,1,1,1,1,1,1,1,1,1,1,1,1,1,1,1,1,1,1,1,1,1,1,1,1,1,1,1,1,1,1,1,1,1,1,1,1,1,1,1,1,1,1,1,1,1,1,1,1,1,1,1,1,1,1

6182,6182,6183,6184,6185,6186,6348,6348,6348,6186,6186,6186,6186,6186,6186,6186,6186,6186,6186,6186,6186,6186,6186,6186,6186,6186,6186,6186,6186,6348,6348,6186,6186,6186,6186,6186,6186,6186,6186,6186,6186,6186,6186,6186,6186,6348,6348,6348,6186,6186,6186,6186,6186,6186,6186,6186,6345,6346,6347,6348,5582,5582,5582,5582,5582,5582,5582,5582,5582,5582,5582,5582,5582,5582,5582,5582,5582,5582,5582,5582,5582,5582,5582,5582,5582,5582,5582,5582,5582,5582,5582,5582,5582,5582,5582,5583,5584,5585,5586,5586
6182,6344,6345,6346,6347,6348,6510,6510,6510,6348,6348,6348,6348,6348,6348,6348,6348,6348,6348,6348,6348,6348,6348,6348,6348,6348,6348,6348,6348,6510,6510,6348,6348,6348,6348,6348,6348,6348,6348,6348,6348,6348,6348,6348,6348,6510,6510,6510,6348,6348,6348,6348,6348,6348,6348,6348,6507,6508,6509,6510,5744,5744,5744,5744,5744,5744,5744,5744,5744,5744,5744,5744,5744,5744,5744,5744,5744,5744,5744,5744,5744,5744,5744,5744,5744,5744,5744,5744,5744,5744,5744,5744,5744,5744,5744,5745,5746,5747,5748,5748
6182,6506,6507,6508,6509,6510,6672,6672,6672,6510,6510,6510,6510,6510,6510,6510,6510,6510,6510,6510,6510,6510,6510,6510,6510,6510,6510,6510,6510,6672,6672,6510,6510,6510,6510,6510,6510,6510,6510,6510,6510,6510,6510,6510,6510,6672,6672,6672,6510,6510,6510,6510,6510,6510,6510,6510,6669,6670,6671,6672,5906,5906,5906,5906,5906,5906,5906,5906,5906,5906,5906,5906,5906,5906,5906,5906,5906,5906,5906,5906,5906,5906,5906,5906,5906,5906,5906,5906,5906,5906,5906,5906,5906,5906,5906,5907,5908,5909,5910,5910
6182,6668,6669,6670,6671,6672,6834,6834,6834,6672,6672,6672,6672,6672,6672,6672,6672,6672,6672,6672,6672,6672,6672,6672,6672,6672,6672,6672,6672,6834,6834,6672,6672,6672,6672,6672,6672,6672,6672,6672,6672,6672,6672,6672,6672,6834,6834,6834,6672,6672,6672,6672,6672,6672,6672,6672,6831,6832,6833,6834,6068,6068,6068,6068,6068,6068,6068,6068,6068,6068,6068,6068,6068,6068,6068,6068,6068,6068,6068,6068,6068,6068,6068,6068,6068,6068,6068,6068,6068,6068,6068,6068,6068,6068,6068,6069,6070,6071,6072,6072
6183,6830,6831,6832,109,110,111,112,113,110,110,110,110,110,110,110,110,110,110,110,110,110,110,110,110,110,110,110,110,110,110,110,110,110,110,110,111,112,110,111,112,113,113,113,113,113,113,113,113,113,113,113,113,113,113,110,110,110,110,110,110,110,110,110,110,110,111,112,113,110,110,110,110,110,110,110,111,112,113,110,111,112,113,113,113,113,113,113,113,113,113,113,113,113,113,114,6232,6233,6234,6234
6183,6184,6185,6186,147,14590,14590,14590,14590,14590,14590,14590,14590,14590,14590,14590,14590,14590,14590,14590,14590,14590,14590,14590,14590,14590,14590,14590,14590,14590,14590,14590,14590,14590,14590,14590,14590,14590,14590,14590,14590,14590,14590,14590,14590,14590,14590,14590,14590,14590,14590,14590,14590,14590,14590,14590,14590,14590,14590,14590,14590,14590,14590,14590,14590,14590,14590,14590,14590,14590,14590,14590,14590,14590,14590,14590,14590,14590,14590,14590,14590,14590,14590,14590,14590,14590,14590,14590,14590,14590,14590,14590,14590,14590,14590,152,6231,6232,6233,6234
6182,6183,6184,6185,185,14590,14590,14590,14590,14590,14590,14590,14590,14590,14590,14590,14590,14590,14590,14590,14590,14590,14590,14590,14590,14590,14590,14590,14590,14590,14590,14590,14590,14590,14590,14590,14590,14590,14590,14590,14590,14590,14590,14590,14590,14590,14590,14590,14590,14590,14590,14590,14590,14590,14590,14590,14590,14590,14590,14590,14590,14590,14590,14590,14590,14590,14590,14590,14590,14590,14590,14590,14590,14590,14590,14590,14590,14590,14590,14590,14590,14590,14590,14590,14590,14590,14590,14590,14590,14590,14590,14590,14590,14590,14590,190,6231,6232,6233,6234
6182,6183,6184,6185,223,14590,14590,14590,14590,14590,14590,14590,14590,14590,14590,14590,14590,14590,14590,14590,14590,14590,14590,14590,14590,14590,14590,14590,14590,14590,14590,14590,14590,14590,14590,14590,14590,14590,14590,14590,14590,14590,14590,14590,14590,14590,14590,14590,14590,14590,14590,14590,14590,14590,14590,14590,14590,14590,14590,14590,14590,14590,14590,14590,14590,14590,14590,14590,14590,14590,14590,14590,14590,14590,14590,14590,14590,14590,14590,14590,14590,14590,14590,14590,14590,14590,14590,14590,14590,14590,14590,14590,14590,14590,14590,228,6231,6232,6233,6234
6182,6183,6184,6185,261,14590,14590,14590,14590,14590,14590,14590,14590,14590,14590,14590,14590,14590,14590,14590,14590,14590,14590,14590,14590,14590,14590,14590,14590,14590,14590,14590,14590,14590,14590,14590,14590,14590,14590,14590,14590,14590,14590,14590,14590,14590,14590,14590,14590,14590,14590,14590,14590,14590,14590,14590,14590,14590,14590,14590,14590,14590,14590,14590,14590,14590,14590,14590,14590,14590,14590,14590,14590,14590,14590,14590,14590,14590,14590,14590,14590,14590,14590,14590,14590,14590,14590,14590,14590,14590,14590,14590,14590,14590,14590,266,6231,6232,6233,6234
6182,6183,6184,6185,261,14590,14590,14590,14590,14590,14590,14590,14590,14590,14590,14590,14590,14590,14590,14590,14590,14590,14590,14590,14590,14590,14590,14590,14590,14590,14590,14590,14590,14590,14590,14590,14590,14590,14590,14590,14590,14590,14590,14590,14590,14590,14590,14590,14590,14590,14590,14590,14590,14590,14590,14590,14590,14590,14590,14590,14590,14590,14590,14590,14590,14590,14590,14590,14590,14590,14590,14590,14590,14590,14590,14590,14590,14590,14590,14590,14590,14590,14590,14590,14590,14590,14590,14590,14590,14590,14590,14590,14590,14590,14590,266,6231,6232,6233,6234
6182,6183,6184,6185,261,14590,14590,14590,14590,14590,14590,14590,14590,14590,14590,14590,14590,14590,14590,14590,14590,14590,14590,14590,14590,14590,14590,14590,14590,14590,14590,14590,14590,14590,14590,14590,14590,14590,14590,14590,14590,14590,14590,14590,14590,14590,14590,14590,14590,14590,14590,14590,14590,14590,14590,14590,14590,14590,14590,14590,14590,14590,14590,14590,14590,14590,14590,14590,14590,14590,14590,14590,14590,14590,14590,14590,14590,14590,14590,14590,14590,14590,14590,14590,14590,14590,14590,14590,14590,14590,14590,14590,14590,14590,14590,266,6231,6232,6233,6234
6182,6183,6184,6185,261,14590,14590,14590,14590,14590,14590,14590,14590,14590,14590,14590,14590,14590,14590,14590,14590,14590,14590,14590,14590,14590,14590,14590,14590,14590,14590,14590,14590,14590,14590,14590,14590,14590,14590,14590,14590,14590,14590,14590,14590,14590,14590,14590,14590,14590,14590,14590,14590,14590,14590,14590,14590,14590,14590,14590,14590,14590,14590,14590,14590,14590,14590,14590,14590,14590,14590,14590,14590,14590,14590,14590,14590,14590,14590,14590,14590,14590,14590,14590,14590,14590,14590,14590,14590,14590,14590,14590,14590,14590,14590,266,6231,6232,6233,6234
6182,6183,6184,6185,261,14590,14590,14590,14590,14590,14590,14590,14590,14590,14590,14590,14590,14590,14590,14590,14590,14590,14590,14590,14590,14590,14590,14590,14590,14590,14590,14590,14590,14590,14590,14590,14590,14590,14590,14590,14590,14590,14590,14590,14590,14590,14590,14590,14590,14590,14590,14590,14590,14590,14590,14590,14590,14590,14590,14590,14590,14590,14590,14590,14590,14590,14590,14590,14590,14590,14590,14590,14590,14590,14590,14590,14590,14590,14590,14590,14590,14590,14590,14590,14590,14590,14590,14590,14590,14590,14590,14590,14590,14590,14590,266,6231,6232,6233,6234
6182,6183,6184,6185,261,14590,14590,14590,14590,14590,14590,14590,14590,14590,14590,14590,14590,14590,14590,14590,14590,14590,14590,14590,14590,14590,14590,14590,14590,14590,14590,14590,14590,14590,14590,14590,14590,14590,14590,14590,14590,14590,14590,14590,14590,14590,14590,14590,14590,14590,14590,14590,14590,14590,14590,14590,14590,14590,14590,14590,14590,14590,14590,14590,14590,14590,14590,14590,14590,14590,14590,14590,14590,14590,14590,14590,14590,14590,14590,14590,14590,14590,14590,14590,14590,14590,14590,14590,14590,14590,14590,14590,14590,14590,14590,266,6231,6232,6233,6234
6182,6183,6184,6185,261,14590,14590,14590,14590,14590,14590,14590,14590,14590,14590,14590,14590,14590,14590,14590,14590,14590,14590,14590,14590,14590,14590,14590,14590,14590,14590,14590,14590,14590,14590,14590,14590,14590,14590,14590,14590,14590,14590,14590,14590,14590,14590,14590,14590,14590,14590,14590,14590,14590,14590,14590,14590,14590,14590,14590,14590,14590,14590,14590,14590,14590,14590,14590,14590,14590,14590,14590,14590,14590,14590,14590,14590,14590,14590,14590,14590,14590,14590,14590,14590,14590,14590,14590,14590,14590,14590,14590,14590,14590,14590,266,6231,6232,6233,6234
6182,6183,6184,6185,261,14590,14590,14590,14590,14590,14590,14590,14590,14590,14590,14590,14590,14590,14590,14590,14590,14590,14590,14590,14590,14590,14590,14590,14590,14590,14590,14590,14590,14590,14590,14590,14590,14590,14590,14590,14590,14590,14590,14590,14590,14590,14590,14590,14590,14590,14590,14590,14590,14590,14590,14590,14590,14590,14590,14590,14590,14590,14590,14590,14590,14590,14590,14590,14590,14590,14590,14590,14590,14590,14590,14590,14590,14590,14590,14590,14590,14590,14590,14590,14590,14590,14590,14590,14590,14590,14590,14590,14590,14590,14590,266,6230,6231,6232,6233
6182,6183,6184,6185,261,14590,14590,14590,14590,14590,14590,14590,14590,14590,14590,14590,14590,14590,14590,14590,14590,14590,14590,14590,14590,14590,14590,14590,14590,14590,14590,14590,14590,14590,14590,14590,14590,14590,14590,14590,14590,14590,14590,14590,14590,14590,14590,14590,14590,14590,14590,14590,14590,14590,14590,14590,14590,14590,14590,14590,14590,14590,14590,14590,14590,14590,14590,14590,14590,14590,14590,14590,14590,14590,14590,14590,14590,14590,14590,14590,14590,14590,14590,14590,14590,14590,14590,14590,14590,14590,14590,14590,14590,14590,14590,266,6230,6231,6232,6233
6183,6184,6185,6186,261,14590,14590,14590,14590,14590,14590,14590,14590,14590,14590,14590,14590,14590,14590,14590,14590,14590,14590,14590,14590,14590,14590,14590,14590,14590,14590,14590,14590,14590,14590,14590,14590,14590,14590,14590,14590,14590,14590,14590,14590,14590,14590,14590,14590,14590,14590,14590,14590,14590,14590,14590,14590,14590,14590,14590,14590,14590,14590,14590,14590,14590,14590,14590,14590,14590,14590,14590,14590,14590,14590,14590,14590,14590,14590,14590,14590,14590,14590,14590,14590,14590,14590,14590,14590,14590,14590,14590,14590,14590,14590,266,6230,6231,6232,6233
6183,6184,6185,6186,261,14590,14590,14590,14590,14590,14590,14590,14590,14590,14590,14590,14590,14590,14590,14590,14590,14590,14590,14590,14590,14590,14590,14590,14590,14590,14590,14590,14590,14590,14590,14590,14590,14590,14590,14590,14590,14590,14590,14590,14590,14590,14590,14590,14590,14590,14590,14590,14590,14590,14590,14590,14590,14590,14590,14590,14590,14590,14590,14590,14590,14590,14590,14590,14590,14590,14590,14590,14590,14590,14590,14590,14590,14590,14590,14590,14590,14590,14590,14590,14590,14590,14590,14590,14590,14590,14590,14590,14590,14590,14590,266,6231,6232,6233,6234
6183,6184,6185,6186,261,14590,14590,14590,14590,14590,14590,14590,14590,14590,14590,14590,14590,14590,14590,14590,14590,14590,14590,14590,14590,14590,14590,14590,14590,14590,14590,14590,14590,14590,14590,14590,14590,14590,14590,14590,14590,14590,14590,14590,14590,14590,14590,14590,14590,14590,14590,14590,14590,14590,14590,14590,14590,14590,14590,14590,14590,14590,14590,14590,14590,14590,14590,14590,14590,14590,14590,14590,14590,14590,14590,14590,14590,14590,14590,14590,14590,14590,14590,14590,14590,14590,14590,14590,14590,14590,14590,14590,14590,14590,14590,266,6231,6232,6233,6234
6183,6184,6185,6186,261,14590,14590,14590,14590,14590,14590,14590,14590,14590,14590,14590,14590,14590,14590,14590,14590,14590,14590,14590,14590,14590,14590,14590,14590,14590,14590,14590,14590,14590,14590,14590,14590,14590,14590,14590,14590,14590,14590,14590,14590,14590,14590,14590,14590,14590,14590,14590,14590,14590,14590,14590,14590,14590,14590,14590,14590,14590,14590,14590,14590,14590,14590,14590,14590,14590,14590,14590,14590,14590,14590,14590,14590,14590,14590,14590,14590,14590,14590,14590,14590,14590,14590,14590,14590,14590,14590,14590,14590,14590,14590,266,6231,6232,6233,6234
6183,6184,6185,6186,261,14590,14590,14590,14590,14590,14590,14590,14590,14590,14590,14590,14590,14590,14590,14590,14590,14590,14590,14590,14590,14590,14590,14590,14590,14590,14590,14590,14590,14590,14590,14590,14590,14590,14590,14590,14590,14590,14590,14590,14590,14590,14590,14590,14590,14590,14590,14590,14590,14590,14590,14590,14590,14590,14590,14590,14590,14590,14590,14590,14590,14590,14590,14590,14590,14590,14590,14590,14590,14590,14590,14590,14590,14590,14590,14590,14590,14590,14590,14590,14590,14590,14590,14590,14590,14590,14590,14590,14590,14590,14590,266,6231,6232,6233,6234
6182,6183,6184,6185,261,14590,14590,14590,14590,14590,14590,14590,14590,14590,14590,14590,14590,14590,14590,14590,14590,14590,14590,14590,14590,14590,14590,14590,14590,14590,14590,14590,14590,14590,14590,14590,14590,14590,14590,14590,14590,14590,14590,14590,14590,14590,14590,14590,14590,14590,14590,14590,14590,14590,14590,14590,14590,14590,14590,14590,14590,14590,14590,14590,14590,14590,14590,14590,14590,14590,14590,14590,14590,14590,14590,14590,14590,14590,14590,14590,14590,14590,14590,14590,14590,14590,14590,14590,14590,14590,14590,14590,14590,14590,14590,266,6231,6232,6233,6234
6182,6183,6184,6185,261,14590,14590,14590,14590,14590,14590,14590,14590,14590,14590,14590,14590,14590,14590,14590,14590,14590,14590,14590,14590,14590,14590,14590,14590,14590,14590,14590,14590,14590,14590,14590,14590,14590,14590,14590,14590,14590,14590,14590,14590,14590,14590,14590,14590,14590,14590,14590,14590,14590,14590,14590,14590,14590,14590,14590,14590,14590,14590,14590,14590,14590,14590,14590,14590,14590,14590,14590,14590,14590,14590,14590,14590,14590,14590,14590,14590,14590,14590,14590,14590,14590,14590,14590,14590,14590,14590,14590,14590,14590,14590,266,6231,6232,6233,6234
6182,6183,6184,6185,261,14590,14590,14590,14590,14590,14590,14590,14590,14590,14590,14590,14590,14590,14590,14590,14590,14590,14590,14590,14590,14590,14590,14590,14590,14590,14590,14590,14590,14590,14590,14590,14590,14590,14590,14590,14590,14590,14590,14590,14590,14590,14590,14590,14590,14590,14590,14590,14590,14590,14590,14590,14590,14590,14590,14590,14590,14590,14590,14590,14590,14590,14590,14590,14590,14590,14590,14590,14590,14590,14590,14590,14590,14590,14590,14590,14590,14590,14590,14590,14590,14590,14590,14590,14590,14590,14590,14590,14590,14590,14590,266,6231,6232,6233,6234
6183,6184,6185,6186,261,14590,14590,14590,14590,14590,14590,14590,14590,14590,14590,14590,14590,14590,14590,14590,14590,14590,14590,14590,14590,14590,14590,14590,14590,14590,14590,14590,14590,14590,14590,14590,14590,14590,14590,14590,14590,14590,14590,14590,14590,14590,14590,14590,14590,14590,14590,14590,14590,14590,14590,14590,14590,14590,14590,14590,14590,14590,14590,14590,14590,14590,14590,14590,14590,14590,14590,14590,14590,14590,14590,14590,14590,14590,14590,14590,14590,14590,14590,14590,14590,14590,14590,14590,14590,14590,14590,14590,14590,14590,14590,266,6231,6232,6233,6234
6183,6184,6185,6186,261,14590,14590,14590,14590,14590,14590,14590,14590,14590,14590,14590,14590,14590,14590,14590,14590,14590,14590,14590,14590,14590,14590,14590,14590,14590,14590,14590,14590,14590,14590,14590,14590,14590,14590,14590,14590,14590,14590,14590,14590,14590,14590,14590,14590,14590,14590,14590,14590,14590,14590,14590,14590,14590,14590,14590,14590,14590,14590,14590,14590,14590,14590,14590,14590,14590,14590,14590,14590,14590,14590,14590,14590,14590,14590,14590,14590,14590,14590,14590,14590,14590,14590,14590,14590,14590,14590,14590,14590,14590,14590,266,6231,6232,6233,6234
6183,6184,6185,6186,261,14590,14590,14590,14590,14590,14590,14590,14590,14590,14590,14590,14590,14590,14590,14590,14590,14590,14590,14590,14590,14590,14590,14590,14590,14590,14590,14590,14590,14590,14590,14590,14590,14590,14590,14590,14590,14590,14590,14590,14590,14590,14590,14590,14590,14590,14590,14590,14590,14590,14590,14590,14590,14590,14590,14590,14590,14590,14590,14590,14590,14590,14590,14590,14590,14590,14590,14590,14590,14590,14590,14590,14590,14590,14590,14590,14590,14590,14590,14590,14590,14590,14590,14590,14590,14590,14590,14590,14590,14590,14590,266,6231,6232,6233,6234
6183,6184,6185,6186,261,14590,14590,14590,14590,14590,14590,14590,14590,14590,14590,14590,14590,14590,14590,14590,14590,14590,14590,14590,14590,14590,14590,14590,14590,14590,14590,14590,14590,14590,14590,14590,14590,14590,14590,14590,14590,14590,14590,14590,14590,14590,14590,14590,14590,14590,14590,14590,14590,14590,14590,14590,14590,14590,14590,14590,14590,14590,14590,14590,14590,14590,14590,14590,14590,14590,14590,14590,14590,14590,14590,14590,14590,14590,14590,14590,14590,14590,14590,14590,14590,14590,14590,14590,14590,14590,14590,14590,14590,14590,14590,266,6231,6232,6233,6234
6182,6183,6184,6185,261,14590,14590,14590,14590,14590,14590,14590,14590,14590,14590,14590,14590,14590,14590,14590,14590,14590,14590,14590,14590,14590,14590,14590,14590,14590,14590,14590,14590,14590,14590,14590,14590,14590,14590,14590,14590,14590,14590,14590,14590,14590,14590,14590,14590,14590,14590,14590,14590,14590,14590,14590,14590,14590,14590,14590,14590,14590,14590,14590,14590,14590,14590,14590,14590,14590,14590,14590,14590,14590,14590,14590,14590,14590,14590,14590,14590,14590,14590,14590,14590,14590,14590,14590,14590,14590,14590,14590,14590,14590,14590,266,6231,6232,6233,6234
6182,6183,6184,6185,261,14590,14590,14590,14590,14590,14590,14590,14590,14590,14590,14590,14590,14590,14590,14590,14590,14590,14590,14590,14590,14590,14590,14590,14590,14590,14590,14590,14590,14590,14590,14590,14590,14590,14590,14590,14590,14590,14590,14590,14590,14590,14590,14590,14590,14590,14590,14590,14590,14590,14590,14590,14590,14590,14590,14590,14590,14590,14590,14590,14590,14590,14590,14590,14590,14590,14590,14590,14590,14590,14590,14590,14590,14590,14590,14590,14590,14590,14590,14590,14590,14590,14590,14590,14590,14590,14590,14590,14590,14590,14590,266,6231,6232,6233,6234
6182,6183,6184,6185,261,14590,14590,14590,14590,14590,14590,14590,14590,14590,14590,14590,14590,14590,14590,14590,14590,14590,14590,14590,14590,14590,14590,14590,14590,14590,14590,14590,14590,14590,14590,14590,14590,14590,14590,14590,14590,14590,14590,14590,14590,14590,14590,14590,14590,14590,14590,14590,14590,14590,14590,14590,14590,14590,14590,14590,14590,14590,14590,14590,14590,14590,14590,14590,14590,14590,14590,14590,14590,14590,14590,14590,14590,14590,14590,14590,14590,14590,14590,14590,14590,14590,14590,14590,14590,14590,14590,14590,14590,14590,14590,266,5583,5584,5585,5586
6182,6183,6184,6185,261,14590,14590,14590,14590,14590,14590,14590,14590,14590,14590,14590,14590,14590,14590,14590,14590,14590,14590,14590,14590,14590,14590,14590,14590,14590,14590,14590,14590,14590,14590,14590,14590,14590,14590,14590,14590,14590,14590,14590,14590,14590,14590,14590,14590,14590,14590,14590,14590,14590,14590,14590,14590,14590,14590,14590,14590,14590,14590,14590,14590,14590,14590,14590,14590,14590,14590,14590,14590,14590,14590,14590,14590,14590,14590,14590,14590,14590,14590,14590,14590,14590,14590,14590,14590,14590,14590,14590,14590,14590,14590,266,5745,5746,5747,5748
6182,6183,6184,6185,261,14590,14590,14590,14590,14590,14590,14590,14590,14590,14590,14590,14590,14590,14590,14590,14590,14590,14590,14590,14590,14590,14590,14590,14590,14590,14590,14590,14590,14590,14590,14590,14590,14590,14590,14590,14590,14590,14590,14590,14590,14590,14590,14590,14590,14590,14590,14590,14590,14590,14590,14590,14590,14590,14590,14590,14590,14590,14590,14590,14590,14590,14590,14590,14590,14590,14590,14590,14590,14590,14590,14590,14590,14590,14590,14590,14590,14590,14590,14590,14590,14590,14590,14590,14590,14590,14590,14590,14590,14590,14590,266,5907,5908,5909,5910
6182,6183,6184,6185,261,14590,14590,14590,14590,14590,14590,14590,14590,14590,14590,14590,14590,14590,14590,14590,14590,14590,14590,14590,14590,14590,14590,14590,14590,14590,14590,14590,14590,14590,14590,14590,14590,14590,14590,14590,14590,14590,14590,14590,14590,14590,14590,14590,14590,14590,14590,14590,14590,14590,14590,14590,14590,14590,14590,14590,14590,14590,14590,14590,14590,14590,14590,14590,14590,14590,14590,14590,14590,14590,14590,14590,14590,14590,14590,14590,14590,14590,14590,14590,14590,14590,14590,14590,14590,14590,14590,14590,14590,14590,14590,266,6069,6070,6071,6072
6182,6182,6182,6182,147,14590,14590,14590,14590,14590,14590,14590,14590,14590,14590,14590,14590,14590,14590,14590,14590,14590,14590,14590,14590,14590,14590,14590,14590,14590,14590,14590,14590,14590,14590,14590,14590,14590,14590,14590,14590,14590,14590,14590,14590,14590,14590,14590,14590,14590,14590,14590,14590,14590,14590,14590,14590,14590,14590,14590,14590,14590,14590,14590,14590,14590,14590,14590,14590,14590,14590,14590,14590,14590,14590,14590,14590,14590,14590,14590,14590,14590,14590,14590,14590,14590,14590,14590,14590,14590,14590,14590,14590,14590,14590,266,6231,6232,6233,6234
6344,6344,6344,6344,147,14590,14590,14590,14590,14590,14590,14590,14590,14590,14590,14590,14590,14590,14590,14590,14590,14590,14590,14590,14590,14590,14590,14590,14590,14590,14590,14590,14590,14590,14590,14590,14590,14590,14590,14590,14590,14590,14590,14590,14590,14590,14590,14590,14590,14590,14590,14590,14590,14590,14590,14590,14590,14590,14590,14590,14590,14590,14590,14590,14590,14590,14590,14590,14590,14590,14590,14590,14590,14590,14590,14590,14590,14590,14590,14590,14590,14590,14590,14590,14590,14590,14590,14590,14590,14590,14590,14590,14590,14590,14590,266,6231,6232,6233,6234
6506,6506,6506,6506,147,14590,14590,14590,14590,14590,14590,14590,14590,14590,14590,14590,14590,14590,14590,14590,14590,14590,14590,14590,14590,14590,14590,14590,14590,14590,14590,14590,14590,14590,14590,14590,14590,14590,14590,14590,14590,14590,14590,14590,14590,14590,14590,14590,14590,14590,14590,14590,14590,14590,14590,14590,14590,14590,14590,14590,14590,14590,14590,14590,14590,14590,14590,14590,14590,14590,14590,14590,14590,14590,14590,14590,14590,14590,14590,14590,14590,14590,14590,14590,14590,14590,14590,14590,14590,14590,14590,14590,14590,14590,14590,266,6231,6232,6233,6234
6668,6668,6668,6668,147,14590,14590,14590,14590,14590,14590,14590,14590,14590,14590,14590,14590,14590,14590,14590,14590,14590,14590,14590,14590,14590,14590,14590,14590,14590,14590,14590,14590,14590,14590,14590,14590,14590,14590,14590,14590,14590,14590,14590,14590,14590,14590,14590,14590,14590,14590,14590,14590,14590,14590,14590,14590,14590,14590,14590,14590,14590,14590,14590,14590,14590,14590,14590,14590,14590,14590,14590,14590,14590,14590,14590,14590,14590,14590,14590,14590,14590,14590,14590,14590,14590,14590,14590,14590,14590,14590,14590,14590,14590,14590,266,6231,6232,6233,6234
5582,5583,5584,5585,147,14590,14590,14590,14590,14590,14590,14590,14590,14590,14590,14590,14590,14590,14590,14590,14590,14590,14590,14590,14590,14590,14590,14590,14590,14590,14590,14590,14590,14590,14590,14590,14590,14590,14590,14590,14590,14590,14590,14590,14590,14590,14590,14590,14590,14590,14590,14590,14590,14590,14590,14590,14590,14590,14590,14590,14590,14590,14590,14590,14590,14590,14590,14590,14590,14590,14590,14590,14590,14590,14590,14590,14590,14590,14590,14590,14590,14590,14590,14590,14590,14590,14590,14590,14590,14590,14590,14590,14590,14590,14590,266,6231,6232,6233,6234
5582,5583,5584,5585,147,14590,14590,14590,14590,14590,14590,14590,14590,14590,14590,14590,14590,14590,14590,14590,14590,14590,14590,14590,14590,14590,14590,14590,14590,14590,14590,14590,14590,14590,14590,14590,14590,14590,14590,14590,14590,14590,14590,14590,14590,14590,14590,14590,14590,14590,14590,14590,14590,14590,14590,14590,14590,14590,14590,14590,14590,14590,14590,14590,14590,14590,14590,14590,14590,14590,14590,14590,14590,14590,14590,14590,14590,14590,14590,14590,14590,14590,14590,14590,14590,14590,14590,14590,14590,14590,14590,14590,14590,14590,14590,190,6231,6232,6233,6234
5582,5583,5584,5585,185,14590,14590,14590,14590,14590,14590,14590,14590,14590,14590,14590,14590,14590,14590,14590,14590,14590,14590,14590,14590,14590,14590,14590,14590,14590,14590,14590,14590,14590,14590,14590,14590,14590,14590,14590,14590,14590,14590,14590,14590,14590,14590,14590,14590,14590,14590,14590,14590,14590,14590,14590,14590,14590,14590,14590,14590,14590,14590,14590,14590,14590,14590,14590,14590,14590,14590,14590,14590,14590,14590,14590,14590,14590,14590,14590,14590,14590,14590,14590,14590,14590,14590,14590,14590,14590,14590,14590,14590,14590,14590,228,6231,6232,6233,6234
5582,5583,5584,5585,223,14590,14590,14590,14590,14590,14590,14590,14590,14590,14590,14590,14590,14590,14590,14590,14590,14590,14590,14590,14590,14590,14590,14590,14590,14590,14590,14590,14590,14590,14590,14590,14590,14590,14590,14590,14590,14590,14590,14590,14590,14590,14590,14590,14590,14590,14590,14590,14590,14590,14590,14590,14590,14590,14590,14590,14590,14590,14590,14590,14590,14590,14590,14590,14590,14590,14590,14590,14590,14590,14590,14590,14590,14590,14590,14590,14590,14590,14590,14590,14590,14590,14590,14590,14590,14590,14590,14590,14590,14590,14590,266,6231,6232,6233,6234
5582,5583,5584,5585,261,14590,14590,14590,14590,14590,14590,14590,14590,14590,14590,14590,14590,14590,14590,14590,14590,14590,14590,14590,14590,14590,14590,14590,14590,14590,14590,14590,14590,14590,14590,14590,14590,14590,14590,14590,14590,14590,14590,14590,14590,14590,14590,14590,14590,14590,14590,14590,14590,14590,14590,14590,14590,14590,14590,14590,14590,14590,14590,14590,14590,14590,14590,14590,14590,14590,14590,14590,14590,14590,14590,14590,14590,14590,14590,14590,14590,14590,14590,14590,14590,14590,14590,14590,14590,14590,14590,14590,14590,14590,14590,266,6231,6232,6233,6234
5582,5583,5584,5585,147,14590,14590,14590,14590,14590,14590,14590,14590,14590,14590,14590,14590,14590,14590,14590,14590,14590,14590,14590,14590,14590,14590,14590,14590,14590,14590,14590,14590,14590,14590,14590,14590,14590,14590,14590,14590,14590,14590,14590,14590,14590,14590,14590,14590,14590,14590,14590,14590,14590,14590,14590,14590,14590,14590,14590,14590,14590,14590,14590,14590,14590,14590,14590,14590,14590,14590,14590,14590,14590,14590,14590,14590,14590,14590,14590,14590,14590,14590,14590,14590,14590,14590,14590,14590,14590,14590,14590,14590,14590,14590,266,6231,6232,6233,6234
5582,5583,5584,5585,147,14590,14590,14590,14590,14590,14590,14590,14590,14590,14590,14590,14590,14590,14590,14590,14590,14590,14590,14590,14590,14590,14590,14590,14590,14590,14590,14590,14590,14590,14590,14590,14590,14590,14590,14590,14590,14590,14590,14590,14590,14590,14590,14590,14590,14590,14590,14590,14590,14590,14590,14590,14590,14590,14590,14590,14590,14590,14590,14590,14590,14590,14590,14590,14590,14590,14590,14590,14590,14590,14590,14590,14590,14590,14590,14590,14590,14590,14590,14590,14590,14590,14590,14590,14590,14590,14590,14590,14590,14590,14590,266,6231,6232,6233,6234
5582,5583,5584,5585,147,14590,14590,14590,14590,14590,14590,14590,14590,14590,14590,14590,14590,14590,14590,14590,14590,14590,14590,14590,14590,14590,14590,14590,14590,14590,14590,14590,14590,14590,14590,14590,14590,14590,14590,14590,14590,14590,14590,14590,14590,14590,14590,14590,14590,14590,14590,14590,14590,14590,14590,14590,14590,14590,14590,14590,14590,14590,14590,14590,14590,14590,14590,14590,14590,14590,14590,14590,14590,14590,14590,14590,14590,14590,14590,14590,14590,14590,14590,14590,14590,14590,14590,14590,14590,14590,14590,14590,14590,14590,14590,266,6231,6232,6233,6234
5582,5583,5584,5585,147,14590,14590,14590,14590,14590,14590,14590,14590,14590,14590,14590,14590,14590,14590,14590,14590,14590,14590,14590,14590,14590,14590,14590,14590,14590,14590,14590,14590,14590,14590,14590,14590,14590,14590,14590,14590,14590,14590,14590,14590,14590,14590,14590,14590,14590,14590,14590,14590,14590,14590,14590,14590,14590,14590,14590,14590,14590,14590,14590,14590,14590,14590,14590,14590,14590,14590,14590,14590,14590,14590,14590,14590,14590,14590,14590,14590,14590,14590,14590,14590,14590,14590,14590,14590,14590,14590,14590,14590,14590,14590,266,6231,6232,6233,6234
5582,5583,5584,5585,147,14590,14590,14590,14590,14590,14590,14590,14590,14590,14590,14590,14590,14590,14590,14590,14590,14590,14590,14590,14590,14590,14590,14590,14590,14590,14590,14590,14590,14590,14590,14590,14590,14590,14590,14590,14590,14590,14590,14590,14590,14590,14590,14590,14590,14590,14590,14590,14590,14590,14590,14590,14590,14590,14590,14590,14590,14590,14590,14590,14590,14590,14590,14590,14590,14590,14590,14590,14590,14590,14590,14590,14590,14590,14590,14590,14590,14590,14590,14590,14590,14590,14590,14590,14590,14590,14590,14590,14590,14590,14590,266,6231,6232,6233,6234
5582,5583,5584,5585,147,14590,14590,14590,14590,14590,14590,14590,14590,14590,14590,14590,14590,14590,14590,14590,14590,14590,14590,14590,14590,14590,14590,14590,14590,14590,14590,14590,14590,14590,14590,14590,14590,14590,14590,14590,14590,14590,14590,14590,14590,14590,14590,14590,14590,14590,14590,14590,14590,14590,14590,14590,14590,14590,14590,14590,14590,14590,14590,14590,14590,14590,14590,14590,14590,14590,14590,14590,14590,14590,14590,14590,14590,14590,14590,14590,14590,14590,14590,14590,14590,14590,14590,14590,14590,14590,14590,14590,14590,14590,14590,266,6231,6232,6233,6234
5582,5583,5584,5585,147,14590,14590,14590,14590,14590,14590,14590,14590,14590,14590,14590,14590,14590,14590,14590,14590,14590,14590,14590,14590,14590,14590,14590,14590,14590,14590,14590,14590,14590,14590,14590,14590,14590,14590,14590,14590,14590,14590,14590,14590,14590,14590,14590,14590,14590,14590,14590,14590,14590,14590,14590,14590,14590,14590,14590,14590,14590,14590,14590,14590,14590,14590,14590,14590,14590,14590,14590,14590,14590,14590,14590,14590,14590,14590,14590,14590,14590,14590,14590,14590,14590,14590,14590,14590,14590,14590,14590,14590,14590,14590,266,6231,6232,6233,6234
5582,5583,5584,5585,147,14590,14590,14590,14590,14590,14590,14590,14590,14590,14590,14590,14590,14590,14590,14590,14590,14590,14590,14590,14590,14590,14590,14590,14590,14590,14590,14590,14590,14590,14590,14590,14590,14590,14590,14590,14590,14590,14590,14590,14590,14590,14590,14590,14590,14590,14590,14590,14590,14590,14590,14590,14590,14590,14590,14590,14590,14590,14590,14590,14590,14590,14590,14590,14590,14590,14590,14590,14590,14590,14590,14590,14590,14590,14590,14590,14590,14590,14590,14590,14590,14590,14590,14590,14590,14590,14590,14590,14590,14590,14590,266,6231,6232,6233,6234
5582,5583,5584,5585,147,14590,14590,14590,14590,14590,14590,14590,14590,14590,14590,14590,14590,14590,14590,14590,14590,14590,14590,14590,14590,14590,14590,14590,14590,14590,14590,14590,14590,14590,14590,14590,14590,14590,14590,14590,14590,14590,14590,14590,14590,14590,14590,14590,14590,14590,14590,14590,14590,14590,14590,14590,14590,14590,14590,14590,14590,14590,14590,14590,14590,14590,14590,14590,14590,14590,14590,14590,14590,14590,14590,14590,14590,14590,14590,14590,14590,14590,14590,14590,14590,14590,14590,14590,14590,14590,14590,14590,14590,14590,14590,190,6231,6232,6233,6234
5582,5583,5584,5585,147,14590,14590,14590,14590,14590,14590,14590,14590,14590,14590,14590,14590,14590,14590,14590,14590,14590,14590,14590,14590,14590,14590,14590,14590,14590,14590,14590,14590,14590,14590,14590,14590,14590,14590,14590,14590,14590,14590,14590,14590,14590,14590,14590,14590,14590,14590,14590,14590,14590,14590,14590,14590,14590,14590,14590,14590,14590,14590,14590,14590,14590,14590,14590,14590,14590,14590,14590,14590,14590,14590,14590,14590,14590,14590,14590,14590,14590,14590,14590,14590,14590,14590,14590,14590,14590,14590,14590,14590,14590,14590,228,5583,5584,5585,5586
5582,5583,5584,5585,185,14590,14590,14590,14590,14590,14590,14590,14590,14590,14590,14590,14590,14590,14590,14590,14590,14590,14590,14590,14590,14590,14590,14590,14590,14590,14590,14590,14590,14590,14590,14590,14590,14590,14590,14590,14590,14590,14590,14590,14590,14590,14590,14590,14590,14590,14590,14590,14590,14590,14590,14590,14590,14590,14590,14590,14590,14590,14590,14590,14590,14590,14590,14590,14590,14590,14590,14590,14590,14590,14590,14590,14590,14590,14590,14590,14590,14590,14590,14590,14590,14590,14590,14590,14590,14590,14590,14590,14590,14590,14590,266,5745,5746,5747,5748
5583,5584,5585,5586,223,14590,14590,14590,14590,14590,14590,14590,14590,14590,14590,14590,14590,14590,14590,14590,14590,14590,14590,14590,14590,14590,14590,14590,14590,14590,14590,14590,14590,14590,14590,14590,14590,14590,14590,14590,14590,14590,14590,14590,14590,14590,14590,14590,14590,14590,14590,14590,14590,14590,14590,14590,14590,14590,14590,14590,14590,14590,14590,14590,14590,14590,14590,14590,14590,14590,14590,14590,14590,14590,14590,14590,14590,14590,14590,14590,14590,14590,14590,14590,14590,14590,14590,14590,14590,14590,14590,14590,14590,14590,14590,266,5907,5908,5909,5910
5583,5584,5585,5586,147,14590,14590,14590,14590,14590,14590,14590,14590,14590,14590,14590,14590,14590,14590,14590,14590,14590,14590,14590,14590,14590,14590,14590,14590,14590,14590,14590,14590,14590,14590,14590,14590,14590,14590,14590,14590,14590,14590,14590,14590,14590,14590,14590,14590,14590,14590,14590,14590,14590,14590,14590,14590,14590,14590,14590,14590,14590,14590,14590,14590,14590,14590,14590,14590,14590,14590,14590,14590,14590,14590,14590,14590,14590,14590,14590,14590,14590,14590,14590,14590,14590,14590,14590,14590,14590,14590,14590,14590,14590,14590,266,6069,6070,6071,6072
5583,5584,5585,5586,185,14590,14590,14590,14590,14590,14590,14590,14590,14590,14590,14590,14590,14590,14590,14590,14590,14590,14590,14590,14590,14590,14590,14590,14590,14590,14590,14590,14590,14590,14590,14590,14590,14590,14590,14590,14590,14590,14590,14590,14590,14590,14590,14590,14590,14590,14590,14590,14590,14590,14590,14590,14590,14590,14590,14590,14590,14590,14590,14590,14590,14590,14590,14590,14590,14590,14590,14590,14590,14590,14590,14590,14590,14590,14590,14590,14590,14590,14590,14590,14590,14590,14590,14590,14590,14590,14590,14590,14590,14590,14590,266,6231,6232,6233,6234
5582,5583,5584,5585,223,14590,14590,14590,14590,14590,14590,14590,14590,14590,14590,14590,14590,14590,14590,14590,14590,14590,14590,14590,14590,14590,14590,14590,14590,14590,14590,14590,14590,14590,14590,14590,14590,14590,14590,14590,14590,14590,14590,14590,14590,14590,14590,14590,14590,14590,14590,14590,14590,14590,14590,14590,14590,14590,14590,14590,14590,14590,14590,14590,14590,14590,14590,14590,14590,14590,14590,14590,14590,14590,14590,14590,14590,14590,14590,14590,14590,14590,14590,14590,14590,14590,14590,14590,14590,14590,14590,14590,14590,14590,14590,266,6231,6232,6233,6234
5582,5583,5584,5585,261,14590,14590,14590,14590,14590,14590,14590,14590,14590,14590,14590,14590,14590,14590,14590,14590,14590,14590,14590,14590,14590,14590,14590,14590,14590,14590,14590,14590,14590,14590,14590,14590,14590,14590,14590,14590,14590,14590,14590,14590,14590,14590,14590,14590,14590,14590,14590,14590,14590,14590,14590,14590,14590,14590,14590,14590,14590,14590,14590,14590,14590,14590,14590,14590,14590,14590,14590,14590,14590,14590,14590,14590,14590,14590,14590,14590,14590,14590,14590,14590,14590,14590,14590,14590,14590,14590,14590,14590,14590,14590,266,6231,6232,6233,6234
5582,5583,5584,5585,261,14590,14590,14590,14590,14590,14590,14590,14590,14590,14590,14590,14590,14590,14590,14590,14590,14590,14590,14590,14590,14590,14590,14590,14590,14590,14590,14590,14590,14590,14590,14590,14590,14590,14590,14590,14590,14590,14590,14590,14590,14590,14590,14590,14590,14590,14590,14590,14590,14590,14590,14590,14590,14590,14590,14590,14590,14590,14590,14590,14590,14590,14590,14590,14590,14590,14590,14590,14590,14590,14590,14590,14590,14590,14590,14590,14590,14590,14590,14590,14590,14590,14590,14590,14590,14590,14590,14590,14590,14590,14590,266,6231,6232,6233,6234
5582,5583,5584,5585,261,14590,14590,14590,14590,14590,14590,14590,14590,14590,14590,14590,14590,14590,14590,14590,14590,14590,14590,14590,14590,14590,14590,14590,14590,14590,14590,14590,14590,14590,14590,14590,14590,14590,14590,14590,14590,14590,14590,14590,14590,14590,14590,14590,14590,14590,14590,14590,14590,14590,14590,14590,14590,14590,14590,14590,14590,14590,14590,14590,14590,14590,14590,14590,14590,14590,14590,14590,14590,14590,14590,14590,14590,14590,14590,14590,14590,14590,14590,14590,14590,14590,14590,14590,14590,14590,14590,14590,14590,14590,14590,266,6231,6232,6233,6234
5582,5583,5584,5585,261,14590,14590,14590,14590,14590,14590,14590,14590,14590,14590,14590,14590,14590,14590,14590,14590,14590,14590,14590,14590,14590,14590,14590,14590,14590,14590,14590,14590,14590,14590,14590,14590,14590,14590,14590,14590,14590,14590,14590,14590,14590,14590,14590,14590,14590,14590,14590,14590,14590,14590,14590,14590,14590,14590,14590,14590,14590,14590,14590,14590,14590,14590,14590,14590,14590,14590,14590,14590,14590,14590,14590,14590,14590,14590,14590,14590,14590,14590,14590,14590,14590,14590,14590,14590,14590,14590,14590,14590,14590,14590,228,6231,6232,6233,6234
5582,5583,5584,5585,261,14590,14590,14590,14590,14590,14590,14590,14590,14590,14590,14590,14590,14590,14590,14590,14590,14590,14590,14590,14590,14590,14590,14590,14590,14590,14590,14590,14590,14590,14590,14590,14590,14590,14590,14590,14590,14590,14590,14590,14590,14590,14590,14590,14590,14590,14590,14590,14590,14590,14590,14590,14590,14590,14590,14590,14590,14590,14590,14590,14590,14590,14590,14590,14590,14590,14590,14590,14590,14590,14590,14590,14590,14590,14590,14590,14590,14590,14590,14590,14590,14590,14590,14590,14590,14590,14590,14590,14590,14590,14590,266,6231,6232,6233,6234
5582,5583,5584,5585,261,14590,14590,14590,14590,14590,14590,14590,14590,14590,14590,14590,14590,14590,14590,14590,14590,14590,14590,14590,14590,14590,14590,14590,14590,14590,14590,14590,14590,14590,14590,14590,14590,14590,14590,14590,14590,14590,14590,14590,14590,14590,14590,14590,14590,14590,14590,14590,14590,14590,14590,14590,14590,14590,14590,14590,14590,14590,14590,14590,14590,14590,14590,14590,14590,14590,14590,14590,14590,14590,14590,14590,14590,14590,14590,14590,14590,14590,14590,14590,14590,14590,14590,14590,14590,14590,14590,14590,14590,14590,14590,266,6231,6232,6233,6234
5582,5583,5584,5585,261,14590,14590,14590,14590,14590,14590,14590,14590,14590,14590,14590,14590,14590,14590,14590,14590,14590,14590,14590,14590,14590,14590,14590,14590,14590,14590,14590,14590,14590,14590,14590,14590,14590,14590,14590,14590,14590,14590,14590,14590,14590,14590,14590,14590,14590,14590,14590,14590,14590,14590,14590,14590,14590,14590,14590,14590,14590,14590,14590,14590,14590,14590,14590,14590,14590,14590,14590,14590,14590,14590,14590,14590,14590,14590,14590,14590,14590,14590,14590,14590,14590,14590,14590,14590,14590,14590,14590,14590,14590,14590,266,6231,6232,6233,6234
5582,5583,5584,5585,261,14590,14590,14590,14590,14590,14590,14590,14590,14590,14590,14590,14590,14590,14590,14590,14590,14590,14590,14590,14590,14590,14590,14590,14590,14590,14590,14590,14590,14590,14590,14590,14590,14590,14590,14590,14590,14590,14590,14590,14590,14590,14590,14590,14590,14590,14590,14590,14590,14590,14590,14590,14590,14590,14590,14590,14590,14590,14590,14590,14590,14590,14590,14590,14590,14590,14590,14590,14590,14590,14590,14590,14590,14590,14590,14590,14590,14590,14590,14590,14590,14590,14590,14590,14590,14590,14590,14590,14590,14590,14590,266,6231,6232,6233,6234
5582,5583,5584,5585,261,14590,14590,14590,14590,14590,14590,14590,14590,14590,14590,14590,14590,14590,14590,14590,14590,14590,14590,14590,14590,14590,14590,14590,14590,14590,14590,14590,14590,14590,14590,14590,14590,14590,14590,14590,14590,14590,14590,14590,14590,14590,14590,14590,14590,14590,14590,14590,14590,14590,14590,14590,14590,14590,14590,14590,14590,14590,14590,14590,14590,14590,14590,14590,14590,14590,14590,14590,14590,14590,14590,14590,14590,14590,14590,14590,14590,14590,14590,14590,14590,14590,14590,14590,14590,14590,14590,14590,14590,14590,14590,266,6231,6232,6233,6234
5582,5583,5584,5585,261,14590,14590,14590,14590,14590,14590,14590,14590,14590,14590,14590,14590,14590,14590,14590,14590,14590,14590,14590,14590,14590,14590,14590,14590,14590,14590,14590,14590,14590,14590,14590,14590,14590,14590,14590,14590,14590,14590,14590,14590,14590,14590,14590,14590,14590,14590,14590,14590,14590,14590,14590,14590,14590,14590,14590,14590,14590,14590,14590,14590,14590,14590,14590,14590,14590,14590,14590,14590,14590,14590,14590,14590,14590,14590,14590,14590,14590,14590,14590,14590,14590,14590,14590,14590,14590,14590,14590,14590,14590,14590,266,6231,6232,6233,6234
5582,5583,5584,5585,261,14590,14590,14590,14590,14590,14590,14590,14590,14590,14590,14590,14590,14590,14590,14590,14590,14590,14590,14590,14590,14590,14590,14590,14590,14590,14590,14590,14590,14590,14590,14590,14590,14590,14590,14590,14590,14590,14590,14590,14590,14590,14590,14590,14590,14590,14590,14590,14590,14590,14590,14590,14590,14590,14590,14590,14590,14590,14590,14590,14590,14590,14590,14590,14590,14590,14590,14590,14590,14590,14590,14590,14590,14590,14590,14590,14590,14590,14590,14590,14590,14590,14590,14590,14590,14590,14590,14590,14590,14590,14590,266,6231,6232,6233,6234
5582,5583,5584,5585,261,14590,14590,14590,14590,14590,14590,14590,14590,14590,14590,14590,14590,14590,14590,14590,14590,14590,14590,14590,14590,14590,14590,14590,14590,14590,14590,14590,14590,14590,14590,14590,14590,14590,14590,14590,14590,14590,14590,14590,14590,14590,14590,14590,14590,14590,14590,14590,14590,14590,14590,14590,14590,14590,14590,14590,14590,14590,14590,14590,14590,14590,14590,14590,14590,14590,14590,14590,14590,14590,14590,14590,14590,14590,14590,14590,14590,14590,14590,14590,14590,14590,14590,14590,14590,14590,14590,14590,14590,14590,14590,266,6231,6232,6233,6234
5582,5583,5584,5585,261,14590,14590,14590,14590,14590,14590,14590,14590,14590,14590,14590,14590,14590,14590,14590,14590,14590,14590,14590,14590,14590,14590,14590,14590,14590,14590,14590,14590,14590,14590,14590,14590,14590,14590,14590,14590,14590,14590,14590,14590,14590,14590,14590,14590,14590,14590,14590,14590,14590,14590,14590,14590,14590,14590,14590,14590,14590,14590,14590,14590,14590,14590,14590,14590,14590,14590,14590,14590,14590,14590,14590,14590,14590,14590,14590,14590,14590,14590,14590,14590,14590,14590,14590,14590,14590,14590,14590,14590,14590,14590,266,6231,6232,6233,6234
5582,5583,5584,5585,261,14590,14590,14590,14590,14590,14590,14590,14590,14590,14590,14590,14590,14590,14590,14590,14590,14590,14590,14590,14590,14590,14590,14590,14590,14590,14590,14590,14590,14590,14590,14590,14590,14590,14590,14590,14590,14590,14590,14590,14590,14590,14590,14590,14590,14590,14590,14590,14590,14590,14590,14590,14590,14590,14590,14590,14590,14590,14590,14590,14590,14590,14590,14590,14590,14590,14590,14590,14590,14590,14590,14590,14590,14590,14590,14590,14590,14590,14590,14590,14590,14590,14590,14590,14590,14590,14590,14590,14590,14590,14590,266,6231,6232,6233,6234
5582,5583,5584,5585,261,14590,14590,14590,14590,14590,14590,14590,14590,14590,14590,14590,14590,14590,14590,14590,14590,14590,14590,14590,14590,14590,14590,14590,14590,14590,14590,14590,14590,14590,14590,14590,14590,14590,14590,14590,14590,14590,14590,14590,14590,14590,14590,14590,14590,14590,14590,14590,14590,14590,14590,14590,14590,14590,14590,14590,14590,14590,14590,14590,14590,14590,14590,14590,14590,14590,14590,14590,14590,14590,14590,14590,14590,14590,14590,14590,14590,14590,14590,14590,14590,14590,14590,14590,14590,14590,14590,14590,14590,14590,14590,266,6231,6232,6233,6234
5582,5583,5584,5585,261,14590,14590,14590,14590,14590,14590,14590,14590,14590,14590,14590,14590,14590,14590,14590,14590,14590,14590,14590,14590,14590,14590,14590,14590,14590,14590,14590,14590,14590,14590,14590,14590,14590,14590,14590,14590,14590,14590,14590,14590,14590,14590,14590,14590,14590,14590,14590,14590,14590,14590,14590,14590,14590,14590,14590,14590,14590,14590,14590,14590,14590,14590,14590,14590,14590,14590,14590,14590,14590,14590,14590,14590,14590,14590,14590,14590,14590,14590,14590,14590,14590,14590,14590,14590,14590,14590,14590,14590,14590,14590,266,6231,6232,6233,6234
5582,5583,5582,5583,299,300,300,300,300,300,300,300,301,302,303,300,300,300,300,300,300,300,300,300,300,300,301,302,303,300,300,300,300,300,300,300,300,300,300,300,300,301,302,303,300,300,300,300,300,300,300,300,300,300,300,300,300,300,300,300,300,300,301,302,303,301,302,303,303,303,303,303,303,303,303,303,303,301,302,303,303,303,303,303,303,303,303,303,303,303,303,303,303,303,303,304,6231,6232,6233,6234
5582,5582,5582,5582,5582,5582,5582,5744,5744,5744,5744,5744,5744,5744,5744,5744,5744,5744,5744,5744,5744,5744,5744,5744,5744,5582,5582,5582,5582,5744,5744,5744,5744,5744,5744,5744,5744,5744,5744,5744,5744,5744,5744,5744,5744,5744,5745,5746,5747,5748,5744,5744,5744,5744,5744,5744,5744,5744,5744,5744,5744,5744,5744,5744,5744,5744,5744,5744,5744,5744,5744,5744,5745,5746,5747,5744,5745,5746,5747,5748,5748,5748,5748,5748,5748,5748,5748,5748,5748,5748,5748,5748,5748,5748,5748,6230,6231,6232,6233,6234
5744,5744,5744,5744,5744,5744,5744,5906,5906,5906,5906,5906,5906,5906,5906,5906,5906,5906,5906,5906,5906,5906,5906,5906,5906,5744,5744,5744,5744,5906,5906,5906,5906,5906,5906,5906,5906,5906,5906,5906,5906,5906,5906,5906,5906,5906,5907,5908,5909,5910,5906,5906,5906,5906,5906,5906,5906,5906,5906,5906,5906,5906,5906,5906,5906,5906,5906,5906,5906,5906,5906,5906,5907,5908,5909,5906,5907,5908,5909,5910,5910,5910,5910,5910,5910,5910,5910,5910,5910,5910,5910,5910,5910,5910,5910,6230,6231,6232,6233,6234
5906,5906,5906,5906,5906,5906,5906,6068,6068,6068,6068,6068,6068,6068,6068,6068,6068,6068,6068,6068,6068,6068,6068,6068,6068,5906,5906,5906,5906,6068,6068,6068,6068,6068,6068,6068,6068,6068,6068,6068,6068,6068,6068,6068,6068,6068,6069,6070,6071,6072,6068,6068,6068,6068,6068,6068,6068,6068,6068,6068,6068,6068,6068,6068,6068,6068,6068,6068,6068,6068,6068,6068,6069,6070,6071,6068,6069,6070,6071,6072,6072,6072,6072,6072,6072,6072,6072,6072,6072,6072,6072,6072,6072,6072,6072,6230,6231,6232,6233,6234
6068,6068,6068,6068,6068,6068,6068,6230,6230,6230,6230,6230,6230,6230,6230,6230,6230,6230,6230,6230,6230,6230,6230,6230,6230,6068,6068,6068,6068,6230,6230,6230,6230,6230,6230,6230,6230,6230,6230,6230,6230,6230,6230,6230,6230,6230,6231,6232,6233,6234,6230,6230,6230,6230,6230,6230,6230,6230,6230,6230,6230,6230,6230,6230,6230,6230,6230,6230,6230,6230,6230,6230,6231,6232,6233,6230,6231,6232,6233,6234,6234,6234,6234,6234,6234,6234,6234,6234,6234,6234,6234,6234,6234,6234,6234,6230,6231,6232,6233,6234

0,0,0,0,0,0,0,0,0,0,0,0,0,0,0,0,0,0,0,0,0,0,0,0,0,0,0,0,0,0,0,0,0,0,0,0,0,0,0,0,0,0,0,0,0,0,0,0,0,0,0,0,0,0,0,0,0,0,0,0,0,0,0,0,0,0,0,0,0,0,0,0,0,0,0,0,0,0,0,0,0,0,0,0,0,0,0,0,0,0,0,0,0,0,0,0,0,0,0,0
0,0,0,0,0,0,0,0,0,0,0,0,0,0,0,0,0,0,0,0,0,0,0,0,0,0,0,0,0,0,0,0,0,0,0,0,0,0,0,0,0,0,0,0,0,0,0,0,0,0,0,0,0,0,0,0,0,0,0,0,0,0,0,0,0,0,0,0,0,0,0,0,0,0,0,0,0,0,0,0,0,0,0,0,0,0,0,0,0,0,0,0,0,0,0,0,0,0,0,0
0,0,0,0,0,0,0,0,0,0,0,0,0,0,0,0,0,0,0,0,0,0,0,0,0,0,0,0,0,0,0,0,0,0,0,0,0,0,0,0,0,0,0,0,0,0,0,0,0,0,0,0,0,0,0,0,0,0,0,0,0,0,0,0,0,0,0,0,0,0,0,0,0,0,0,0,0,0,0,0,0,0,0,0,0,0,0,0,0,0,0,0,0,0,0,0,0,0,0,0
0,0,0,0,0,0,0,0,0,0,0,0,0,0,0,0,0,0,0,0,0,0,0,0,0,0,0,0,0,0,0,0,0,0,0,0,0,0,0,0,0,0,0,0,0,0,0,0,0,0,0,0,0,0,0,0,0,0,0,0,0,0,0,0,0,0,0,0,0,0,0,0,0,0,0,0,0,0,0,0,0,0,0,0,0,0,0,0,0,0,0,0,0,0,0,0,0,0,0,0
0,0,0,0,0,0,0,0,0,0,0,0,0,0,0,0,0,0,0,0,0,0,0,0,0,0,0,0,0,0,0,0,0,0,0,0,0,0,0,0,0,0,0,0,0,0,0,0,0,0,0,0,0,0,0,0,0,0,0,0,0,0,0,0,0,0,0,0,0,0,0,0,0,0,0,0,0,0,0,0,0,0,0,0,0,0,0,0,0,0,0,0,0,0,0,0,0,0,0,0
0,0,0,0,0,311,312,313,314,315,316,317,318,311,312,313,314,315,316,317,318,311,312,313,314,315,316,317,318,311,312,313,314,315,316,317,318,311,312,313,314,315,316,317,318,311,312,313,314,315,316,317,318,311,312,313,314,315,316,317,318,311,312,313,314,315,316,317,318,311,312,313,314,315,316,317,318,311,312,313,314,315,316,317,318,311,312,313,314,315,316,317,318,315,316,0,0,0,0,0
0,0,0,0,0,473,474,475,476,477,478,479,480,473,474,475,476,477,478,479,480,473,474,475,476,477,478,479,480,473,474,475,476,477,478,479,480,473,474,475,476,477,478,479,480,473,474,475,476,477,478,479,480,473,474,475,476,477,478,479,480,473,474,475,476,477,478,479,480,473,474,475,476,477,478,479,480,473,474,475,476,477,478,479,480,473,474,475,476,477,478,479,480,477,478,0,0,0,0,0
0,0,0,0,0,0,0,0,0,0,0,0,0,0,0,0,0,0,0,0,0,0,0,0,0,0,0,0,0,0,0,0,0,0,0,0,0,0,0,0,0,0,0,0,0,0,0,0,0,0,0,0,0,0,14424,0,0,0,0,0,0,0,0,0,0,0,0,0,0,0,0,0,0,0,0,0,0,0,0,0,0,0,0,0,0,0,0,0,0,0,0,0,0,0,0,0,0,0,0,0
0,0,0,0,0,0,0,0,0,0,0,0,0,0,0,0,0,0,0,0,0,0,0,0,0,0,0,0,0,0,0,0,0,0,0,0,0,0,0,0,0,0,0,0,0,0,0,0,0,0,0,0,0,0,14424,0,0,0,0,0,0,0,0,0,0,0,0,0,0,0,0,0,0,0,0,0,0,0,0,0,0,0,0,14424,14424,14424,14424,14424,14424,14424,14424,14424,14424,14424,14424,0,0,0,0,0
0,0,0,0,0,0,0,14424,14424,14424,14424,14424,14424,14424,14424,14424,14424,14424,14424,14424,14424,14424,14424,14424,14424,14424,14424,14424,0,0,14424,14424,14424,14424,14424,14424,14424,14424,14424,14424,14424,14424,14424,14424,14424,14424,14424,14424,14424,14424,14424,14424,0,0,14424,0,0,14424,14424,14424,14424,14424,14424,14424,14424,14424,14424,14424,14424,14424,14424,14424,14424,14424,14424,14424,14424,14424,14424,14424,14424,0,0,14424,0,0,0,0,0,0,0,0,0,0,0,0,0,0,0,0
0,0,0,0,0,0,0,0,0,0,14424,0,0,0,0,0,0,0,0,0,0,0,14424,0,0,0,0,14424,0,0,0,14424,0,0,0,0,14424,14424,14424,14424,14424,14424,14424,14424,14424,14424,14424,14424,14424,14424,14424,14424,0,0,14424,0,0,14424,0,0,0,0,0,14424,0,0,0,0,0,0,0,0,0,0,14424,0,0,0,0,0,14424,0,0,14424,0,0,0,0,0,0,0,0,0,0,0,0,0,0,0,0
0,0,0,0,0,0,0,0,0,0,14424,0,0,0,0,0,0,0,0,0,0,0,0,0,0,0,0,14424,0,0,0,14424,0,0,0,0,0,0,0,0,0,0,0,0,0,0,0,0,0,0,0,0,0,0,14424,0,0,14424,0,0,0,0,0,14424,0,0,0,0,0,0,0,0,0,0,14424,0,0,0,0,0,14424,0,0,14424,0,0,14424,14424,14424,14424,14424,14424,14424,0,0,0,0,0,0,0
0,0,0,0,0,0,0,0,0,0,14424,0,0,14424,14424,14424,14424,14424,14424,14424,0,0,0,0,0,0,0,14424,14424,0,0,14424,0,0,0,0,0,0,0,0,0,0,0,0,0,0,0,0,0,0,0,0,0,0,14424,0,0,14424,0,0,14424,0,0,14424,0,0,14424,14424,14424,14424,14424,14424,0,0,14424,0,0,14424,14424,14424,14424,0,0,14424,14424,14424,14424,0,0,0,0,0,0,0,0,0,0,0,0,0
0,0,0,0,0,14424,14424,14424,14424,14424,14424,14424,14424,14424,14424,14424,14424,14424,14424,14424,0,0,14424,0,0,0,0,0,0,0,0,14424,14424,14424,14424,14424,14424,14424,14424,14424,14424,14424,14424,14424,14424,14424,14424,14424,14424,14424,14424,14424,0,0,14424,0,0,0,0,0,14424,0,0,0,0,0,0,0,0,0,0,14424,0,0,14424,0,0,0,0,0,0,0,0,0,0,0,14424,0,0,0,0,0,0,0,0,0,0,0,0,0
0,0,0,0,0,0,0,14424,0,0,0,0,0,0,0,0,0,0,0,0,0,0,14424,14424,14424,0,0,0,0,0,0,14424,0,0,0,0,14424,0,0,0,0,0,0,0,0,0,0,0,0,0,0,14424,0,0,14424,0,0,0,0,0,14424,0,0,0,0,0,0,0,0,0,0,14424,0,0,14424,0,0,0,0,0,0,0,0,0,0,0,14424,0,0,14424,14424,14424,14424,14424,14424,0,0,0,0,0
0,0,0,0,0,0,0,14424,0,0,0,0,0,0,0,0,0,0,0,0,0,0,0,0,14424,14424,14424,14424,14424,14424,14424,14424,0,0,0,0,14424,0,0,0,0,0,0,0,0,0,0,0,0,0,0,14424,0,0,14424,0,14424,14424,14424,14424,14424,14424,14424,14424,14424,14424,14424,14424,14424,14424,14424,14424,0,0,14424,0,0,14424,0,0,14424,14424,14424,14424,14424,14424,14424,0,0,14424,0,0,0,0,0,0,0,0,0,0
0,0,0,0,0,0,0,14424,0,0,14424,14424,14424,14424,14424,14424,14424,14424,14424,14424,0,0,0,0,14424,0,0,0,0,0,0,0,0,14424,0,0,14424,0,0,14424,14424,14424,14424,0,0,0,14424,0,0,14424,14424,14424,0,0,14424,14424,0,0,0,0,0,0,0,0,0,0,0,0,0,0,0,14424,0,0,14424,0,0,14424,0,0,14424,0,0,0,0,0,0,0,0,14424,0,0,0,0,0,0,0,0,0,0
0,0,0,0,0,0,0,14424,0,0,14424,0,0,0,0,0,14424,0,0,14424,0,0,0,0,14424,0,0,0,0,0,0,0,0,14424,0,0,14424,0,0,14424,0,0,14424,0,0,0,14424,0,0,14424,14424,14424,0,0,0,14424,0,0,0,0,0,0,0,0,0,0,0,0,0,14424,14424,14424,0,0,14424,0,0,14424,0,0,14424,0,0,0,0,0,0,0,0,14424,0,0,14424,0,0,0,0,0,0,0
0,0,0,0,0,0,0,0,0,0,14424,0,0,0,0,0,14424,0,0,14424,0,0,0,0,14424,0,0,14424,14424,14424,14424,14424,14424,14424,0,0,14424,0,0,14424,0,0,14424,0,0,0,14424,0,0,14424,14424,14424,0,0,0,14424,0,0,14424,14424,14424,14424,14424,14424,14424,14424,14424,0,0,14424,0,0,0,0,14424,0,0,14424,0,0,14424,0,0,14424,14424,14424,14424,14424,14424,14424,0,0,14424,0,0,0,0,0,0,0
0,0,0,0,0,0,0,0,0,0,14424,14424,14424,14424,0,0,14424,0,0,14424,14424,14424,0,0,14424,0,0,14424,0,0,0,0,0,0,0,0,0,0,0,14424,0,0,14424,14424,14424,14424,14424,0,0,14424,14424,14424,14424,0,0,14424,0,0,0,0,0,0,0,0,0,0,14424,0,0,14424,0,0,0,0,14424,0,0,14424,0,0,14424,0,0,14424,0,0,0,0,0,14424,0,0,14424,0,0,0,0,0,0,0
0,0,0,0,0,14424,0,0,0,0,0,0,0,0,0,0,14424,0,0,0,0,0,0,0,14424,0,0,14424,0,0,0,0,0,0,0,0,0,0,0,14424,0,0,0,0,0,0,14424,0,0,0,0,0,14424,0,0,14424,0,0,0,0,0,0,0,0,0,0,14424,0,0,14424,0,0,14424,14424,14424,0,0,14424,0,0,14424,0,0,0,0,0,0,0,0,14424,0,0,14424,14424,14424,0,0,0,0,0
0,0,0,0,0,14424,0,0,0,0,0,0,0,0,0,0,14424,0,0,0,0,0,0,0,14424,0,0,14424,0,0,14424,14424,14424,14424,14424,14424,14424,14424,14424,14424,0,0,0,0,0,0,14424,0,0,0,0,0,14424,0,0,14424,14424,14424,14424,14424,14424,14424,14424,14424,0,0,14424,0,0,14424,0,0,14424,0,0,0,0,14424,0,0,14424,0,0,0,0,0,14424,0,0,14424,0,0,0,0,0,0,0,0,0,0
0,0,0,0,0,14424,14424,14424,14424,14424,14424,14424,14424,14424,14424,14424,14424,14424,14424,14424,14424,14424,14424,14424,14424,0,0,14424,0,0,14424,0,0,0,0,0,14424,0,0,0,0,0,14424,14424,14424,14424,14424,14424,14424,14424,0,0,14424,0,0,14424,0,0,0,0,0,14424,14424,14424,0,0,14424,0,0,14424,0,0,14424,0,0,0,0,14424,0,0,14424,14424,14424,14424,14424,14424,14424,0,0,14424,0,0,0,0,0,0,0,0,0,0
0,0,0,0,0,14424,0,0,0,0,0,0,0,0,0,0,0,0,0,0,14424,0,0,0,0,0,0,14424,0,0,14424,0,0,0,0,0,14424,0,0,0,0,0,0,0,0,0,0,0,0,14424,0,0,14424,0,0,14424,0,0,0,0,0,14424,14424,14424,0,0,14424,0,0,14424,0,0,14424,0,0,14424,14424,14424,0,0,14424,0,0,0,0,0,14424,0,0,14424,14424,14424,14424,0,0,0,0,0,0,0
0,0,0,0,0,14424,0,0,0,0,0,0,0,0,0,0,0,0,0,0,14424,0,0,0,0,0,0,14424,0,0,14424,0,0,14424,0,0,14424,0,0,14424,0,0,0,0,0,0,0,0,0,14424,0,0,14424,0,0,14424,0,0,14424,0,0,0,0,0,0,0,14424,0,0,0,0,0,14424,0,0,14424,0,0,0,0,14424,0,0,0,0,0,14424,0,0,14424,0,0,0,0,0,0,0,0,0,0
0,0,0,0,0,14424,0,0,0,0,0,0,0,0,0,0,0,0,0,0,14424,0,0,14424,14424,14424,14424,14424,0,0,14424,0,0,14424,0,0,14424,0,0,14424,14424,14424,14424,14424,0,0,14424,0,0,14424,0,0,14424,0,0,14424,0,0,14424,0,0,0,0,0,0,0,14424,0,0,0,0,0,14424,0,0,14424,0,0,0,0,14424,0,0,14424,0,0,14424,0,0,14424,0,0,0,0,0,0,0,0,0,0
0,0,0,0,0,14424,0,0,14424,14424,14424,14424,14424,0,0,14424,14424,14424,0,0,14424,0,0,14424,0,0,0,0,0,0,14424,0,0,14424,0,0,0,0,0,0,0,0,0,14424,0,0,14424,0,0,14424,0,0,14424,0,0,14424,0,0,14424,14424,14424,14424,14424,14424,14424,14424,14424,14424,14424,14424,14424,14424,14424,0,0,14424,14424,14424,14424,14424,14424,0,0,14424,0,0,14424,0,0,14424,0,0,14424,14424,14424,0,0,0,0,0
0,0,0,0,0,14424,0,0,0,0,0,0,14424,0,0,14424,0,0,0,0,14424,0,0,14424,0,0,0,0,0,0,14424,0,0,14424,0,0,0,0,0,0,0,0,0,14424,0,0,14424,0,0,14424,0,0,14424,0,0,14424,0,0,0,0,0,0,0,0,0,0,0,0,0,14424,0,0,0,0,0,0,0,0,0,0,0,0,0,14424,0,0,14424,0,0,14424,0,0,0,0,0,0,0,0,0,0
0,0,0,0,0,14424,0,0,0,0,0,0,14424,0,0,14424,0,0,0,0,14424,0,0,14424,0,0,14424,14424,14424,14424,14424,0,0,14424,14424,14424,14424,14424,14424,14424,14424,14424,14424,14424,14424,14424,14424,0,0,14424,0,0,14424,0,0,14424,0,0,0,0,0,0,0,0,0,0,0,0,0,14424,0,0,0,0,0,0,0,0,0,0,0,0,0,14424,0,0,14424,0,0,14424,0,0,0,0,0,0,0,0,0,0
0,0,0,0,0,14424,14424,14424,14424,14424,0,0,14424,0,0,14424,0,0,14424,14424,14424,0,0,14424,0,0,14424,0,0,0,0,0,0,0,0,0,0,0,0,0,14424,0,0,0,0,0,14424,0,0,14424,0,0,14424,0,0,14424,14424,14424,14424,14424,14424,14424,14424,14424,14424,14424,14424,0,0,14424,0,0,14424,14424,14424,14424,14424,14424,14424,14424,14424,14424,14424,14424,0,0,14424,0,0,14424,14424,14424,14424,0,0,0,0,0,0,0
0,0,0,0,0,0,0,0,0,0,0,0,14424,0,0,14424,0,0,0,0,0,0,0,14424,0,0,14424,0,0,0,0,0,0,0,0,0,0,0,0,0,14424,0,0,0,0,0,14424,0,0,14424,0,0,14424,0,0,0,0,0,0,0,0,0,0,0,0,0,14424,0,0,14424,0,0,14424,0,0,0,0,0,0,0,0,0,0,0,0,0,14424,0,0,14424,0,0,0,0,0,0,0,0,0,0
0,0,0,0,0,0,0,0,0,0,0,0,14424,0,0,14424,0,0,0,0,0,0,0,14424,0,0,14424,0,0,14424,14424,14424,14424,14424,14424,14424,0,0,0,0,14424,0,0,14424,0,0,14424,0,0,14424,0,0,14424,0,0,0,0,0,0,0,0,0,0,0,0,0,14424,0,0,14424,0,0,14424,0,0,0,0,0,0,0,0,0,0,0,0,0,14424,0,0,14424,0,0,0,0,0,0,0,0,0,0
0,0,0,0,0,0,0,14424,14424,14424,14424,14424,14424,14424,14424,14424,14424,14424,14424,14424,14424,14424,14424,14424,0,0,0,0,0,14424,0,0,0,0,0,14424,14424,14424,0,0,14424,0,0,14424,0,0,14424,0,0,14424,14424,14424,14424,14424,14424,14424,14424,14424,14424,14424,14424,14424,14424,14424,0,0,14424,14424,14424,14424,0,0,14424,0,0,14424,14424,14424,14424,14424,14424,14424,14424,14424,14424,14424,14424,0,0,14424,0,0,14424,14424,14424,0,0,0,0,0
0,0,0,0,0,0,0,0,0,0,0,0,14424,14424,14424,0,0,0,0,0,14424,0,0,14424,0,0,0,0,0,14424,0,0,0,0,0,0,0,0,0,0,0,0,0,14424,0,0,14424,0,0,0,0,0,0,0,0,0,0,0,0,0,0,0,0,14424,0,0,0,0,0,0,0,0,14424,0,0,0,0,0,0,0,14424,0,0,0,0,0,0,0,0,0,0,0,0,0,0,0,0,0,0,0
0,0,0,0,0,0,0,0,0,0,0,0,14424,0,0,0,0,0,0,0,14424,0,0,14424,14424,14424,14424,14424,14424,14424,0,0,0,0,0,0,0,0,0,0,0,0,0,14424,0,0,14424,0,0,0,0,0,0,0,0,0,0,0,0,0,0,0,0,14424,0,0,0,0,0,0,0,0,14424,0,0,0,0,0,0,0,14424,0,0,0,0,0,0,0,0,0,0,0,0,0,0,0,0,0,0,0
0,0,0,0,0,14424,14424,14424,14424,14424,0,0,14424,0,0,0,0,14424,0,0,14424,0,0,0,0,0,0,0,0,14424,0,0,14424,14424,14424,14424,14424,14424,14424,14424,14424,14424,14424,14424,0,0,14424,14424,14424,14424,0,0,14424,14424,14424,14424,0,0,14424,14424,14424,0,0,14424,0,14424,14424,14424,14424,14424,14424,14424,14424,14424,14424,14424,14424,14424,0,0,14424,0,0,14424,14424,14424,14424,14424,14424,14424,14424,14424,14424,14424,14424,0,0,0,0,0
0,0,0,0,0,14424,14424,14424,14424,14424,0,0,14424,14424,0,0,0,14424,0,0,14424,0,0,0,0,0,0,0,0,14424,0,0,14424,0,0,0,0,0,0,0,0,0,0,0,0,0,0,0,0,14424,0,0,14424,0,0,14424,0,0,0,0,14424,0,0,14424,0,14424,0,0,0,0,0,0,0,0,0,0,0,14424,0,0,0,0,0,0,0,0,0,0,0,0,0,0,0,0,0,0,0,0,0,0
0,0,0,0,0,0,0,0,0,0,0,0,0,0,14424,0,0,14424,0,0,14424,0,0,14424,14424,14424,14424,0,0,14424,0,0,14424,0,0,0,0,0,0,0,0,0,0,0,0,0,0,0,0,14424,0,0,14424,0,0,14424,0,0,0,0,14424,0,0,14424,0,14424,0,0,0,0,0,0,0,0,0,0,0,14424,0,0,0,0,0,0,0,0,0,0,0,0,0,0,0,0,0,0,0,0,0,0
0,0,0,0,0,0,0,0,0,0,0,0,0,0,14424,0,0,14424,0,0,14424,0,0,14424,0,0,14424,0,0,14424,0,0,14424,0,0,14424,14424,14424,14424,14424,14424,14424,14424,14424,14424,14424,14424,14424,14424,14424,0,0,14424,0,0,14424,14424,14424,0,0,14424,0,0,14424,14424,14424,0,0,14424,14424,14424,14424,14424,14424,14424,0,0,14424,0,0,14424,14424,14424,14424,14424,14424,14424,14424,0,0,14424,14424,14424,0,0,0,0,0,0,0
0,0,0,0,0,0,0,0,14424,14424,14424,14424,0,0,0,0,0,14424,0,0,14424,0,0,14424,0,0,14424,0,0,14424,0,0,14424,0,0,14424,0,0,0,0,14424,0,0,0,0,0,0,0,0,0,0,0,14424,0,0,0,0,0,0,0,14424,0,0,0,0,0,0,0,14424,0,0,0,0,0,14424,0,0,14424,0,0,14424,0,0,0,0,0,0,14424,0,0,14424,0,0,0,0,0,0,0,0,0
0,0,0,0,0,0,0,0,14424,0,0,14424,0,0,0,0,0,14424,0,0,0,0,0,14424,0,0,0,0,0,14424,0,0,14424,0,0,14424,0,0,0,0,14424,0,0,0,0,0,0,0,0,0,0,0,14424,0,0,0,0,0,0,0,14424,0,0,0,0,0,0,0,14424,0,0,0,0,0,14424,0,0,14424,0,0,14424,0,0,0,0,0,0,14424,0,0,14424,0,0,0,0,0,0,0,0,0
0,0,0,0,0,14424,14424,14424,14424,0,0,14424,14424,14424,14424,14424,14424,14424,0,0,0,0,0,14424,0,0,0,0,0,14424,0,0,14424,0,0,14424,14424,14424,14424,0,14424,0,0,14424,14424,14424,14424,14424,14424,14424,14424,14424,14424,14424,14424,14424,14424,14424,14424,14424,14424,14424,14424,14424,14424,14424,14424,14424,14424,0,0,14424,0,0,14424,0,0,14424,0,0,14424,0,0,14424,0,0,14424,14424,0,0,14424,14424,14424,14424,14424,0,0,0,0,0
0,0,0,0,0,0,0,0,14424,0,0,14424,0,0,0,0,0,14424,14424,14424,14424,14424,14424,14424,14424,14424,14424,14424,14424,14424,0,0,14424,0,0,14424,14424,14424,14424,0,14424,0,0,14424,0,0,0,0,0,0,0,0,0,0,0,0,0,0,0,0,0,0,0,0,0,0,0,0,0,0,0,14424,0,0,14424,0,0,14424,0,0,14424,0,0,14424,0,0,14424,0,0,0,0,0,0,0,0,0,0,0,0,0
0,0,0,0,0,0,0,0,14424,0,0,14424,0,0,0,0,0,14424,0,0,0,0,0,0,0,0,0,0,0,14424,0,0,14424,0,0,0,0,0,0,0,14424,0,0,14424,0,0,0,0,0,0,0,0,0,0,0,0,0,0,0,0,0,0,0,0,0,0,0,0,0,0,0,14424,0,0,14424,0,0,14424,0,0,14424,0,0,14424,0,0,14424,0,0,0,0,0,0,0,0,0,0,0,0,0
0,0,0,0,0,0,0,14424,14424,0,0,14424,0,0,14424,0,0,14424,0,0,0,0,0,0,0,0,0,0,0,14424,0,0,14424,0,0,0,0,0,0,0,14424,0,0,14424,0,0,0,14424,14424,14424,14424,14424,14424,14424,14424,14424,14424,14424,14424,14424,14424,14424,14424,14424,14424,14424,14424,14424,14424,14424,14424,14424,0,0,14424,0,0,14424,0,0,14424,0,0,14424,14424,14424,14424,14424,14424,14424,14424,14424,14424,0,0,0,0,0,0,0
0,0,0,0,0,0,0,0,0,0,0,0,0,0,14424,0,0,0,0,0,14424,0,0,14424,0,0,14424,14424,14424,14424,0,0,14424,14424,14424,14424,14424,14424,14424,14424,14424,14424,14424,14424,14424,0,0,14424,14424,14424,14424,14424,14424,14424,14424,14424,14424,14424,0,0,0,0,0,0,0,14424,0,0,0,0,0,14424,0,0,14424,0,0,14424,0,0,14424,0,0,14424,0,0,0,0,0,0,0,0,0,0,0,0,0,0,0,0
0,0,0,0,0,0,0,0,0,0,0,0,0,0,14424,0,0,0,0,0,14424,0,0,14424,0,0,0,0,0,14424,0,0,14424,0,0,0,0,0,0,0,0,0,0,0,0,0,0,0,0,0,0,0,0,0,0,0,0,14424,0,0,0,0,0,0,0,14424,0,0,0,0,0,14424,0,0,14424,0,0,14424,0,0,0,0,0,14424,0,0,0,0,0,0,0,0,0,0,0,0,0,0,0,0
0,0,0,0,0,14424,14424,14424,14424,14424,14424,14424,14424,14424,14424,14424,14424,14424,14424,14424,14424,0,0,14424,0,0,0,0,0,14424,0,0,14424,0,0,0,0,0,0,0,0,0,0,0,0,0,0,0,0,0,0,0,0,0,0,0,0,14424,0,0,14424,14424,0,0,0,14424,0,0,14424,0,0,14424,0,0,14424,0,0,14424,0,0,0,0,0,14424,0,0,14424,14424,14424,14424,14424,14424,14424,14424,14424,0,0,0,0,0
0,0,0,0,0,14424,0,0,0,0,0,0,0,0,0,0,14424,0,0,0,0,0,0,14424,0,0,0,0,0,14424,0,0,14424,0,0,14424,14424,14424,14424,14424,14424,0,0,14424,14424,14424,14424,14424,14424,14424,14424,14424,14424,14424,14424,0,0,14424,0,0,14424,14424,14424,14424,14424,14424,0,0,14424,0,0,0,0,0,14424,0,0,14424,14424,14424,14424,14424,14424,14424,0,0,14424,14424,14424,14424,14424,14424,14424,14424,14424,0,0,0,0,0
0,0,0,0,0,14424,0,0,0,0,0,0,0,0,0,0,14424,0,0,0,0,0,0,14424,0,0,0,0,0,14424,0,0,14424,0,0,0,0,0,0,0,14424,0,0,14424,0,0,0,0,0,0,0,0,0,0,0,0,0,14424,0,0,0,0,0,0,0,14424,0,0,14424,0,0,0,0,0,14424,0,0,14424,0,0,0,0,0,14424,0,0,0,0,0,0,0,0,0,0,0,0,0,0,0,0
0,0,0,0,0,14424,0,0,14424,14424,14424,14424,14424,14424,0,0,14424,0,0,14424,14424,14424,14424,14424,14424,14424,14424,0,0,14424,0,0,14424,0,0,0,0,0,0,0,14424,0,0,14424,0,0,0,0,0,0,0,0,0,0,0,0,0,14424,0,0,0,0,0,0,0,14424,0,0,14424,14424,14424,14424,14424,14424,14424,0,0,14424,0,0,0,0,0,14424,0,0,0,0,0,0,0,0,0,0,0,0,0,0,0,0
0,0,0,0,0,14424,0,0,14424,0,0,0,0,0,0,0,14424,0,0,0,0,0,0,0,0,0,14424,0,0,14424,0,0,14424,14424,14424,14424,14424,14424,0,0,14424,0,0,14424,14424,14424,14424,14424,14424,14424,14424,14424,14424,14424,14424,0,0,14424,14424,14424,14424,0,0,0,0,14424,0,0,14424,0,0,0,0,0,14424,0,0,14424,0,0,14424,0,0,14424,0,14424,14424,14424,14424,14424,14424,14424,14424,0,0,0,0,0,0,0
0,0,0,0,0,14424,0,0,14424,0,0,0,0,0,0,0,14424,0,0,0,0,0,0,0,0,0,14424,0,0,14424,0,0,0,0,0,0,0,0,0,0,14424,0,0,0,0,0,0,0,0,0,0,0,0,0,14424,0,0,0,0,0,14424,0,0,14479,14480,14424,0,0,14424,0,0,0,0,0,14424,0,0,14424,0,0,14424,0,0,14424,0,14424,0,0,0,0,0,0,0,0,0,0,0,0,0,0
0,0,0,0,0,14424,0,0,14424,14424,14424,14424,14424,14424,14424,14424,14424,14424,14424,14424,14424,14424,14424,14424,0,0,14424,0,0,14424,0,0,0,0,0,0,0,0,0,0,14424,0,0,0,0,0,0,0,0,0,0,0,0,0,14424,0,0,0,0,0,14424,0,0,14511,14512,14424,0,0,14424,0,0,14424,0,0,14424,0,0,14424,0,0,14424,0,0,14424,0,14424,0,0,0,0,0,0,0,0,0,0,0,0,0,0
0,0,0,0,0,14424,0,0,0,0,0,0,0,14424,0,0,0,0,0,0,0,0,0,0,0,0,14424,0,0,14424,0,0,14424,14424,14424,14424,14424,14424,14424,14424,14424,14424,14424,14424,14424,14424,14424,14424,14424,14424,14424,14424,0,0,14424,14424,14424,14424,0,0,14424,0,0,14543,14544,14424,0,0,14424,0,0,14424,0,0,14424,0,0,14424,0,0,14424,0,0,14424,14424,14424,0,0,14424,14424,14424,14424,14424,14424,14424,0,0,0,0,0
0,0,0,0,0,14424,0,0,0,0,0,0,0,14424,0,0,0,0,0,0,0,0,0,0,0,0,14424,0,0,14424,0,0,0,0,0,0,0,0,0,0,0,0,0,0,0,0,0,0,0,0,0,14424,0,0,14424,0,0,0,0,0,14424,0,0,14575,14576,14424,0,0,14424,0,0,14424,0,0,14424,0,0,14424,0,0,14424,0,0,0,0,0,0,0,14424,0,0,0,0,0,0,0,0,0,0,0
0,0,0,0,0,14424,14424,14424,14424,14424,14424,0,0,14424,0,0,14424,14424,14424,14424,14424,14424,14424,14424,0,0,14424,0,0,14424,0,0,0,0,0,0,0,0,0,0,0,0,0,0,0,0,0,0,0,0,0,14424,0,0,14424,0,0,0,0,0,14424,0,0,0,0,14424,0,0,14424,0,0,14424,0,0,14424,0,0,14424,0,0,14424,0,0,0,0,0,0,0,14424,0,0,0,0,0,0,0,0,0,0,0
0,0,0,0,0,0,0,0,0,0,0,0,0,14424,0,0,0,0,0,0,0,0,0,14424,0,0,14424,0,0,14424,0,0,14424,14424,14424,14424,14424,14424,14424,14424,14424,14424,14424,14424,14424,14424,14424,14424,14424,0,0,14424,0,0,14424,0,0,14424,14424,14424,14424,0,0,0,0,14424,0,0,14424,0,0,14424,0,0,14424,0,0,14424,0,0,14424,14424,14424,14424,14424,14424,0,0,14424,0,0,0,14424,0,0,0,0,0,0,0
0,0,0,0,0,0,0,0,0,0,0,0,0,14424,0,0,0,0,0,0,0,0,0,14424,0,0,14424,0,0,14424,0,0,14424,0,0,0,14424,0,0,0,0,0,14424,0,0,0,0,0,14424,0,0,14424,0,0,14424,0,0,14424,0,0,0,0,0,0,0,14424,0,0,14424,0,0,14424,0,0,14424,0,0,14424,0,0,0,0,0,0,0,14424,0,0,14424,14424,14424,14424,14424,0,0,0,0,0,0,0
0,0,0,0,0,0,0,14424,14424,14424,14424,0,0,14424,14424,14424,14424,14424,14424,14424,14424,0,0,14424,0,0,14424,14424,14424,14424,0,0,14424,0,0,0,14424,0,0,0,0,0,14424,0,0,0,0,0,14424,0,0,14424,0,0,14424,0,0,14424,0,0,0,0,0,0,0,14424,0,0,14424,0,0,14424,0,0,14424,0,0,14424,0,0,0,0,0,0,0,14424,0,0,0,0,0,0,0,0,0,0,0,0,0,0
0,0,0,0,0,0,0,0,0,0,14424,0,0,14424,0,0,0,0,0,0,14424,0,0,14424,0,0,0,0,0,0,0,0,0,0,0,0,14424,0,0,14424,0,0,14424,0,0,14424,0,0,14424,0,0,14424,0,0,14424,0,0,14424,0,0,14424,14424,14424,14424,14424,14424,0,0,14424,0,0,14424,0,0,14424,0,0,14424,14424,14424,14424,14424,14424,14424,14424,14424,0,0,0,0,0,0,0,0,0,0,0,0,0,0
0,0,0,0,0,0,0,0,0,0,14424,0,0,14424,0,0,0,0,0,0,14424,0,0,14424,0,0,0,0,0,0,0,0,0,0,0,0,0,0,0,14424,0,0,0,0,0,14424,0,0,14424,0,0,14424,0,0,14424,0,0,14424,0,0,0,0,0,0,0,14424,0,0,14424,0,0,14424,0,0,0,0,0,14424,14424,14424,0,0,0,0,0,14424,0,0,14424,14424,14424,14424,14424,14424,14424,0,0,0,0,0
0,0,0,0,0,14424,14424,14424,0,0,14424,0,0,14424,14424,14424,14424,14424,0,0,14424,0,0,14424,14424,14424,14424,14424,14424,14424,14424,14424,14424,0,0,0,0,0,0,14424,0,0,0,0,0,14424,0,0,14424,0,0,14424,0,0,14424,0,0,14424,0,0,0,0,0,0,0,14424,0,0,14424,0,0,14424,0,0,0,0,0,14424,14424,14424,0,0,0,0,0,14424,0,0,14424,0,0,0,0,0,0,0,0,0,0,0
0,0,0,0,0,14424,0,0,0,0,14424,0,0,0,0,0,0,0,0,0,14424,0,0,0,0,0,0,0,0,0,0,0,14424,0,0,14424,14424,14424,14424,14424,14424,14424,14424,14424,14424,14424,14424,14424,14424,0,0,14424,0,0,14424,0,0,14424,14424,14424,14424,14424,14424,0,0,14424,0,0,14424,0,0,14424,14424,14424,14424,14424,14424,14424,14424,14424,0,0,14424,0,0,14424,0,0,14424,0,0,0,0,0,0,0,0,0,0,0
0,0,0,0,0,14424,0,0,0,0,14424,0,0,0,0,0,0,0,0,0,14424,0,0,0,0,0,0,0,0,0,0,0,14424,0,0,14424,0,0,0,0,0,0,0,0,0,0,0,0,0,0,0,14424,0,0,14424,0,0,0,0,0,0,0,0,0,0,14424,0,0,14424,0,0,0,0,0,0,0,0,0,0,0,0,0,14424,0,0,0,0,0,14424,0,0,14424,14424,0,0,0,0,0,0,0
0,0,0,0,0,14424,0,0,14424,14424,14424,14424,14424,14424,14424,14424,14424,14424,14424,14424,14424,14424,14424,14424,14424,14424,14424,14424,14424,14424,0,0,14424,0,0,14424,0,0,0,0,0,0,0,0,0,0,0,0,0,0,0,14424,0,0,14424,0,0,0,0,0,0,0,0,0,0,14424,0,0,14424,0,0,0,0,0,0,0,0,0,0,0,0,0,14424,0,0,0,0,0,14424,0,0,14424,14424,0,0,0,0,0,0,0
0,0,0,0,0,14424,0,0,0,0,0,0,0,0,0,0,0,14424,0,0,0,0,0,0,0,0,0,0,0,14424,0,0,14424,0,0,14424,14424,14424,14424,14424,14424,14424,14424,14424,14424,14424,14424,14424,14424,14424,14424,14424,0,0,14424,0,0,14424,14424,14424,14424,14424,14424,14424,14424,14424,0,0,14424,14424,14424,14424,14424,14424,14424,14424,14424,14424,14424,14424,14424,14424,14424,14424,14424,14424,14424,14424,14424,0,0,14424,14424,0,0,0,0,0,0,0
0,0,0,0,0,14424,0,0,0,0,0,0,0,0,0,0,0,14424,0,0,0,0,0,0,0,0,0,0,0,14424,0,0,14424,0,0,0,0,0,0,0,0,0,0,0,0,14424,0,0,0,0,0,0,0,0,14424,0,0,14424,0,0,0,0,0,0,0,0,0,0,0,0,0,0,0,0,0,0,0,14424,0,0,0,0,0,0,0,0,14424,0,0,0,0,14424,14424,0,0,0,0,0,0,0
0,0,0,0,0,14424,14424,14424,14424,14424,14424,14424,14424,14424,14424,0,0,14424,0,0,14424,14424,14424,14424,14424,14424,14424,0,0,14424,0,0,14424,0,0,0,0,0,0,0,0,0,0,0,0,14424,0,0,0,0,0,0,0,0,14424,0,0,14424,0,0,0,0,0,0,0,0,0,0,0,0,0,0,0,0,0,0,0,14424,0,0,0,0,0,0,0,0,14424,0,0,0,0,14424,14424,0,0,0,0,0,0,0
0,0,0,0,0,0,0,0,0,0,0,0,0,0,14424,0,0,14424,0,0,0,0,0,14424,0,0,14424,0,0,0,0,0,14424,0,0,14424,14424,14424,14424,14424,14424,14424,14424,0,0,14424,0,0,14424,14424,14424,14424,0,0,14424,0,0,14424,0,0,14424,14424,14424,14424,14424,14424,14424,14424,14424,14424,14424,14424,14424,14424,14424,0,0,14424,0,0,14424,14424,14424,14424,0,0,14424,0,0,14424,14424,14424,14424,0,0,0,0,0,0,0
0,0,0,0,0,0,0,0,0,0,0,0,0,0,14424,0,0,14424,0,0,0,0,0,14424,0,0,14424,0,0,0,0,0,14424,0,0,14424,0,0,0,0,0,0,14424,0,0,14424,0,0,14424,0,0,14424,0,0,14424,0,0,14424,0,0,0,0,0,0,0,0,0,0,14424,0,0,0,0,0,14424,0,0,14424,0,0,14424,0,0,14424,0,0,14424,0,0,0,0,0,14424,0,0,0,0,0,0,0
0,0,0,0,0,0,0,0,0,0,0,14424,0,0,14424,0,0,14424,14424,14424,14424,0,0,14424,0,0,14424,0,0,14424,0,0,14424,0,0,14424,0,0,0,0,0,0,14424,0,0,14424,0,0,14424,0,0,14424,0,0,14424,0,0,14424,0,0,0,0,0,0,0,0,0,0,14424,0,0,0,0,0,14424,0,0,14424,0,0,14424,0,0,14424,0,0,14424,0,0,0,0,0,14424,0,0,0,0,0,0,0
0,0,0,0,0,0,0,0,0,0,0,14424,0,0,0,0,0,0,0,0,0,0,0,14424,0,0,14424,0,0,14424,0,0,14424,14424,14424,14424,14424,0,0,14424,0,0,14424,0,0,14424,0,0,0,0,0,14424,0,0,14424,0,0,14424,14424,14424,14424,14424,14424,14424,14424,14424,0,0,14424,14424,14424,14424,0,0,14424,0,0,14424,0,0,14424,0,0,14424,0,0,14424,14424,14424,14424,14424,14424,14424,0,0,0,0,0,0,0
0,0,0,0,0,0,0,0,0,0,0,14424,0,0,0,0,0,0,0,0,0,0,0,14424,0,0,0,0,0,14424,0,0,0,0,0,0,0,0,0,14424,0,0,0,0,0,14424,0,0,0,0,0,0,0,0,14424,0,0,0,0,0,0,14424,0,0,0,0,0,0,0,0,0,0,0,0,14424,0,0,0,0,0,14424,0,0,0,0,0,0,0,0,0,0,0,0,0,0,0,0,0,0,0
0,0,0,0,0,0,1159,1160,1161,1162,0,14424,14424,14424,14424,14424,14424,14424,14424,14424,14424,14424,14424,14424,0,0,0,0,0,14424,0,0,0,0,0,0,0,0,0,14424,0,0,0,0,0,14424,0,0,0,0,0,14424,0,0,14424,0,0,0,0,0,0,14424,0,0,0,0,0,0,0,0,0,0,0,0,14424,0,0,0,0,0,14424,0,0,0,0,0,0,0,0,0,0,0,0,0,0,0,0,0,0,0
0,0,0,0,0,0,0,0,0,0,0,0,0,0,0,0,0,0,0,0,0,0,0,0,0,0,0,0,0,0,0,0,0,0,0,0,0,0,0,0,0,0,0,0,0,0,0,0,0,0,0,0,0,0,0,0,0,0,0,0,0,0,0,0,0,0,0,0,0,0,0,0,0,0,0,0,0,0,0,0,0,0,0,0,0,0,0,0,0,0,0,0,0,0,0,0,0,0,0,0
0,0,0,0,0,0,0,0,0,0,0,0,0,0,0,0,0,0,0,0,0,0,0,0,0,0,0,0,0,0,0,0,0,0,0,0,0,0,0,0,0,0,0,0,0,0,0,0,0,0,0,0,0,0,0,0,0,0,0,0,0,0,0,0,0,0,0,0,0,0,0,0,0,0,0,0,0,0,0,0,0,0,0,0,0,0,0,0,0,0,0,0,0,0,0,0,0,0,0,0
0,0,0,0,0,0,0,0,0,0,0,0,0,0,0,0,0,0,0,0,0,0,0,0,0,0,0,0,0,0,0,0,0,0,0,0,0,0,0,0,0,0,0,0,0,0,0,0,0,0,0,0,0,0,0,0,0,0,0,0,0,0,0,0,0,0,0,0,0,0,0,0,0,0,0,0,0,0,0,0,0,0,0,0,0,0,0,0,0,0,0,0,0,0,0,0,0,0,0,0
0,0,0,0,0,0,0,0,0,0,0,0,0,0,0,0,0,0,0,0,0,0,0,0,0,0,0,0,0,0,0,0,0,0,0,0,0,0,0,0,0,0,0,0,0,0,0,0,0,0,0,0,0,0,0,0,0,0,0,0,0,0,0,0,0,0,0,0,0,0,0,0,0,0,0,0,0,0,0,0,0,0,0,0,0,0,0,0,0,0,0,0,0,0,0,0,0,0,0,0
0,0,0,0,0,0,0,0,0,0,0,0,0,0,0,0,0,0,0,0,0,0,0,0,0,0,0,0,0,0,0,0,0,0,0,0,0,0,0,0,0,0,0,0,0,0,0,0,0,0,0,0,0,0,0,0,0,0,0,0,0,0,0,0,0,0,0,0,0,0,0,0,0,0,0,0,0,0,0,0,0,0,0,0,0,0,0,0,0,0,0,0,0,0,0,0,0,0,0,0