50,50,5
0,0,0,0,0,0,0,0,0,0,0,0,0,0,0,0,0,0,0,0,0,0,0,0,0,0,0,0,0,0,0,0,0,0,0,0,0,0,0,0,0,0,0,0,0,0,0,0,0,0
0,0,0,0,0,0,0,0,0,0,0,0,0,0,0,0,0,0,0,0,0,0,0,0,0,0,0,0,0,0,0,0,0,0,0,0,0,0,0,0,0,0,0,0,0,0,0,0,0,0
0,0,0,0,0,0,0,0,0,0,0,0,0,0,0,0,0,0,0,0,0,0,0,0,0,0,0,0,0,0,0,0,0,0,0,0,0,0,0,0,0,0,0,0,0,0,0,0,0,0
0,0,0,0,1,1,1,1,1,1,1,1,1,1,1,1,1,1,1,1,1,1,1,1,1,1,1,1,1,1,1,1,1,1,1,1,1,1,1,1,1,1,1,1,1,1,1,0,0,0
0,0,0,0,1,1,1,1,1,1,1,1,1,1,1,1,1,1,1,1,1,1,1,1,1,1,1,1,1,1,1,1,1,1,1,1,1,1,1,1,1,1,1,1,1,1,1,0,0,0
0,0,0,0,1,1,1,1,1,1,1,1,1,1,1,1,1,1,1,1,1,1,1,1,1,1,1,1,1,1,1,1,1,1,1,1,1,1,1,1,1,1,1,1,1,1,1,0,0,0
0,0,0,1,1,1,1,2,2,2,2,1,1,1,1,1,1,1,1,1,1,1,1,1,1,1,1,1,1,1,1,1,1,1,1,1,1,1,1,1,1,1,1,1,1,1,1,0,0,0
0,0,0,1,1,1,1,2,2,2,2,1,1,1,1,1,1,1,1,1,1,1,1,1,1,1,1,1,1,1,1,1,1,1,1,1,1,1,1,1,1,1,1,1,1,1,1,0,0,0
0,0,0,1,1,0,0,0,0,0,0,0,0,1,1,1,1,1,1,0,0,0,0,0,0,0,0,0,0,1,1,1,1,0,0,1,1,0,0,0,0,0,0,0,0,0,1,1,1,0
0,0,0,1,1,0,0,0,0,0,0,0,0,1,1,1,1,1,1,0,0,0,0,0,0,0,0,0,0,1,1,1,1,0,0,1,1,0,0,0,0,1,1,0,0,0,1,1,1,0
0,0,0,1,1,0,0,0,0,0,0,0,0,1,1,1,1,1,1,0,0,0,0,0,0,0,0,0,0,1,1,1,1,0,0,1,1,0,0,0,0,1,1,0,0,0,1,1,1,0
0,0,0,1,1,0,0,0,0,0,0,0,0,1,1,1,1,1,1,0,0,0,0,0,0,0,0,0,0,1,1,1,1,0,0,1,1,0,0,0,0,0,0,0,0,0,1,1,1,0
0,0,0,1,1,0,0,0,0,0,0,0,0,1,1,0,0,0,0,0,0,0,0,0,0,0,0,0,0,1,1,1,1,0,0,1,1,0,0,0,0,0,0,0,0,0,1,1,1,0
0,0,0,1,1,0,0,0,0,0,0,0,0,1,1,0,0,0,0,0,0,0,0,0,0,0,0,0,0,0,0,0,0,0,0,1,1,0,0,0,0,0,0,0,0,0,1,1,1,0
0,0,0,1,1,0,0,0,0,0,0,0,0,1,1,0,0,0,0,0,0,0,0,0,0,0,0,0,0,0,0,0,0,0,0,1,1,0,0,0,0,0,0,0,0,0,1,1,1,0
0,0,0,1,1,0,0,0,0,0,0,0,0,1,1,0,0,0,0,0,0,0,0,0,0,0,0,0,0,0,0,0,0,0,0,1,1,0,0,0,0,0,0,0,0,0,1,1,1,0
0,0,0,1,1,0,0,0,0,0,0,0,0,1,1,1,1,1,1,0,0,0,0,0,0,0,0,0,1,1,0,0,0,1,1,1,1,0,0,0,0,0,0,0,0,0,1,1,1,0
0,0,0,1,1,0,0,0,0,0,0,0,0,1,1,1,1,1,1,0,0,0,0,0,0,0,0,0,1,1,0,0,0,1,1,0,0,0,0,0,0,0,0,0,0,0,1,1,1,0
0,0,0,1,1,0,0,0,0,0,0,0,0,1,1,1,1,1,1,0,0,0,0,0,0,0,0,0,1,1,0,0,0,1,1,0,0,0,0,0,0,0,0,0,0,0,1,1,1,0
0,0,0,1,1,1,1,0,0,0,0,1,1,1,1,1,1,1,1,0,0,0,0,0,0,0,0,0,1,1,0,0,0,1,1,0,0,1,1,1,1,1,1,1,1,1,1,1,1,0
0,0,0,1,1,1,1,0,0,0,0,1,1,1,1,0,0,0,0,0,0,0,0,0,0,0,0,0,0,0,0,0,0,1,1,0,0,1,1,1,1,1,1,1,1,1,1,1,1,0
0,0,0,1,1,1,1,0,0,0,0,1,1,1,1,0,0,0,0,0,0,0,0,0,0,0,0,0,0,0,0,0,0,1,1,0,0,0,0,0,0,0,0,1,1,0,1,1,1,0
0,0,0,1,1,1,1,0,0,0,0,1,1,1,1,0,0,0,0,0,0,0,0,0,0,0,0,0,0,0,0,0,0,0,0,0,0,0,0,0,0,0,0,1,1,0,1,1,1,0
0,0,0,1,1,0,0,0,0,0,0,0,0,1,1,0,0,0,0,0,0,0,0,0,0,0,0,0,0,0,0,0,0,0,0,0,0,0,0,0,0,0,0,0,0,0,1,1,1,0
0,0,0,1,1,0,0,0,0,0,0,0,0,1,1,0,0,0,0,0,0,0,0,0,0,0,0,0,0,0,0,0,0,0,0,0,0,0,0,0,0,0,0,0,0,0,1,1,1,0
0,0,0,1,1,0,0,0,0,0,0,0,0,1,1,0,0,0,0,0,0,0,0,0,0,0,0,0,0,0,0,0,0,0,0,0,0,0,0,0,0,0,0,0,0,0,1,1,1,0
0,0,0,1,1,0,0,0,0,0,0,0,0,1,1,0,0,0,0,0,0,0,0,0,0,0,0,0,0,0,0,0,0,0,0,0,0,0,0,0,0,0,0,0,0,0,1,1,1,0
0,0,0,1,1,0,0,0,0,0,0,0,0,1,1,0,0,0,0,0,1,1,1,1,1,1,1,1,1,1,1,1,1,1,1,1,1,1,1,1,1,1,1,1,1,1,1,1,1,0
0,0,0,1,1,0,0,0,0,0,0,0,0,1,1,0,0,0,0,0,1,1,1,1,1,1,1,1,1,1,1,1,1,1,1,1,1,1,1,1,1,1,1,1,1,1,1,1,1,0
0,0,0,1,1,0,0,0,0,0,0,0,0,1,1,0,0,0,0,0,0,0,0,0,0,0,0,0,0,0,0,0,0,0,0,0,0,0,0,0,0,0,0,0,0,0,1,1,1,0
0,0,0,1,1,1,1,0,0,0,0,1,1,1,1,0,0,0,0,0,0,0,0,0,0,0,0,0,0,0,0,0,0,0,0,0,0,0,0,0,0,0,0,0,0,0,1,1,1,0
0,0,0,1,1,1,1,0,0,0,0,1,1,1,1,0,0,0,0,0,0,0,0,0,0,0,0,0,0,0,0,0,0,0,0,0,0,0,0,0,0,0,0,0,0,0,1,1,1,0
0,0,0,1,1,1,1,0,0,0,0,0,0,1,1,0,0,0,0,0,0,0,0,0,0,0,0,0,0,0,0,0,0,0,0,0,0,0,0,0,0,0,0,0,0,0,1,1,1,0
0,0,0,1,1,1,1,0,0,0,0,0,0,1,1,1,1,1,1,1,1,1,1,1,1,1,1,1,1,1,1,1,1,1,1,1,1,1,1,1,1,1,1,1,0,0,1,1,1,0
0,0,0,1,1,0,0,0,0,0,0,0,0,1,1,1,1,1,1,1,1,1,1,1,1,1,1,1,1,1,1,1,1,1,1,1,1,1,1,1,1,1,1,1,0,0,1,1,1,0
0,0,0,1,1,0,0,0,0,0,0,0,0,1,1,1,1,1,1,1,1,1,1,1,1,1,1,1,1,1,1,1,1,1,1,1,1,1,1,1,1,1,1,1,0,0,1,1,1,0
0,0,0,1,1,0,0,0,0,0,0,0,0,1,1,1,1,1,1,1,1,1,1,1,1,1,1,1,1,1,1,1,1,1,1,1,1,1,1,1,1,1,1,1,0,0,1,1,1,0
0,0,0,1,1,0,0,0,0,0,0,0,0,1,1,1,1,1,1,1,1,1,1,1,1,1,1,1,1,1,1,1,1,1,1,1,1,1,1,1,1,1,1,1,0,0,1,1,1,0
0,0,0,1,1,0,0,0,0,0,0,0,0,0,0,0,0,0,0,0,0,0,0,0,0,0,0,0,0,0,0,0,0,0,0,0,0,0,0,0,0,0,0,0,0,0,1,1,1,0
0,0,0,1,1,0,0,0,0,0,0,0,0,0,0,0,0,0,0,0,0,0,0,0,0,0,0,0,0,0,0,0,0,0,0,0,0,0,0,0,0,0,0,0,0,0,1,1,1,0
0,0,0,1,1,0,0,0,0,0,0,0,0,0,0,0,0,0,0,0,0,0,0,0,0,0,0,0,0,0,0,0,0,0,0,0,0,0,0,0,0,0,0,0,0,0,1,1,1,0
0,0,0,1,1,0,0,0,0,0,0,0,0,0,0,0,0,0,0,0,0,0,0,0,0,0,0,0,0,0,0,0,0,0,0,0,0,0,0,0,0,0,0,0,0,0,1,1,1,0
0,0,0,1,1,1,1,1,1,1,1,1,1,1,1,1,1,1,1,1,1,1,1,1,1,1,1,1,1,1,1,1,1,1,1,1,1,1,1,1,1,1,1,1,1,1,1,1,1,0
0,0,0,1,1,1,1,1,1,1,1,1,1,1,1,1,1,1,1,1,1,1,1,1,1,1,1,1,1,1,1,1,1,1,1,1,1,1,1,1,1,1,1,1,1,1,1,1,1,0
0,0,0,1,1,1,1,1,1,1,1,1,1,1,1,1,1,1,1,1,1,1,1,1,1,1,1,1,1,1,1,1,1,1,1,1,1,1,1,1,1,1,1,1,1,1,1,1,1,0
0,0,0,1,1,1,1,1,1,1,1,1,1,1,1,1,1,1,1,1,1,1,1,1,1,1,1,1,1,1,1,1,1,1,1,1,1,1,1,1,1,1,1,1,1,1,1,1,1,0
0,0,0,0,0,1,1,1,0,0,0,0,0,0,0,0,0,0,0,0,0,0,0,0,0,0,0,0,0,0,0,0,0,0,0,0,0,0,0,0,0,0,0,0,0,0,0,0,0,0
0,0,0,0,0,0,0,0,0,0,0,0,0,0,0,0,0,0,0,0,0,0,0,0,0,0,0,0,0,0,0,0,0,0,0,0,0,0,0,0,0,0,0,0,0,0,0,0,0,0
0,0,0,0,0,0,0,0,0,0,0,0,0,0,0,0,0,0,0,0,0,0,0,0,0,0,0,0,0,0,0,0,0,0,0,0,0,0,0,0,0,0,0,0,0,0,0,0,0,0
0,0,0,0,0,0,0,0,0,0,0,0,0,0,0,0,0,0,0,0,0,0,0,0,0,0,0,0,0,0,0,0,0,0,0,0,0,0,0,0,0,0,0,0,0,0,0,0,0,0

6221,6222,6221,6222,6221,6222,6221,6222,6221,6222,6221,6222,6221,6222,6221,6222,6221,6222,6221,6222,6221,6222,6221,6222,6221,6222,6221,6222,6221,6222,6221,6222,6221,6222,6221,6222,6221,6222,6221,6222,6221,6222,6221,6222,6221,6222,6221,6222,6221,6222
6383,6384,6383,6384,6383,6384,6383,6384,6383,6384,6383,6384,6383,6384,6383,6384,6383,6384,6383,6384,6383,6384,6383,6384,6383,6384,6383,6384,6383,6384,6383,6384,6383,6384,6383,6384,6383,6384,6383,6384,6383,6384,6383,6384,6383,6384,6383,6384,6383,6384
6221,6222,6221,6222,6221,6222,6221,6222,6221,6222,6221,6222,6221,6222,6221,6222,6221,6222,6221,6222,6221,6222,6221,6222,6221,6222,6221,6222,6221,6222,6221,6222,6221,6222,6221,6222,6221,6222,6221,6222,6221,6222,6221,6222,6221,6222,6221,6222,6221,6222
6383,6384,6383,6384,6383,6384,6383,6384,6383,6384,6383,6384,6383,6384,6383,6384,6383,6384,6383,6384,6383,6384,6383,6384,6383,6384,6383,6384,6383,6384,6383,6384,6383,6384,6383,6384,6383,6384,6383,6384,6383,6384,6383,6384,6383,6384,6383,6384,6383,6384
6221,6222,6221,6222,6221,6222,6221,6222,6221,6222,6221,6222,6221,6222,6221,6222,6221,6222,6221,6222,6221,6222,6221,6222,6221,6222,6221,6222,6221,6222,6221,6222,6221,6222,6221,6222,6221,6222,6221,6222,6221,6222,6221,6222,6221,6222,6221,6222,6221,6222
6383,6384,6383,6384,6383,6384,6383,6384,6383,6384,6383,6384,6383,6384,6383,6384,6383,6384,6383,6384,6383,6384,6383,6384,6383,6384,6383,6384,6383,6384,6383,6384,6383,6384,6383,6384,6383,6384,6383,6384,6383,6384,6383,6384,6383,6384,6383,6384,6383,6384
6221,6222,6221,6222,6221,6222,6221,6222,6221,6222,6221,6222,6221,6222,6221,6222,6221,6222,6221,6222,6221,6222,6221,6222,6221,6222,6221,6222,6221,6222,6221,6222,6221,6222,6221,6222,6221,6222,6221,6222,6221,6222,6221,6222,6221,6222,6221,6222,6221,6222
6383,6384,6383,6384,6383,6384,6383,6384,6383,6384,6383,6384,6383,6384,6383,6384,6383,6384,6383,6384,6383,6384,6383,6384,6383,6384,6383,6384,6383,6384,6383,6384,6383,6384,6383,6384,6383,6384,6383,6384,6383,6384,6383,6384,6383,6384,6383,6384,6383,6384
6221,6222,6221,6222,6221,6222,6221,6222,6221,6222,6221,6222,6221,6222,6221,6222,6221,6222,6221,6222,6221,6222,6221,6222,6221,6222,6221,6222,6221,6222,6221,6222,6221,6222,6221,6222,6221,6222,6221,6222,6221,6222,6221,6222,6221,6222,6221,6222,6221,6222
6383,6384,6383,6384,6383,6384,6383,6384,6383,6384,6383,6384,6383,6384,6383,6384,6383,6384,6383,6384,6383,6384,6383,6384,6383,6384,6383,6384,6383,6384,6383,6384,6383,6384,6383,6384,6383,6384,6383,6384,6383,6384,6383,6384,6383,6384,6383,6384,6383,6384
6221,6222,6221,6222,6221,6222,6221,6222,6221,6222,6221,6222,6221,6222,6221,6222,6221,6222,6221,6222,6221,6222,6221,6222,6221,6222,6221,6222,6221,6222,6221,6222,6221,6222,6221,6222,6221,6222,6221,6222,6221,6222,6221,6222,6221,6222,6221,6222,6221,6222
6383,6384,6383,6384,6383,6384,6383,6384,6383,6384,6383,6384,6383,6384,6383,6384,6383,6384,6383,6384,6383,6384,6383,6384,6383,6384,6383,6384,6383,6384,6383,6384,6383,6384,6383,6384,6383,6384,6383,6384,6383,6384,6383,6384,6383,6384,6383,6384,6383,6384
6221,6222,6221,6222,6221,6222,6221,6222,6221,6222,6221,6222,6221,6222,6221,6222,6221,6222,6221,6222,6221,6222,6221,6222,6221,6222,6221,6222,6221,6222,6221,6222,6221,6222,6221,6222,6221,6222,6221,6222,6221,6222,6221,6222,6221,6222,6221,6222,6221,6222
6383,6384,6383,6384,6383,6384,6383,6384,6383,6384,6383,6384,6383,6384,6383,6384,6383,6384,6383,6384,6383,6384,6383,6384,6383,6384,6383,6384,6383,6384,6383,6384,6383,6384,6383,6384,6383,6384,6383,6384,6383,6384,6383,6384,6383,6384,6383,6384,6383,6384
6221,6222,6221,6222,6221,6222,6221,6222,6221,6222,6221,6222,6221,6222,6221,6222,6221,6222,6221,6222,6221,6222,6221,6222,6221,6222,6221,6222,6221,6222,6221,6222,6221,6222,6221,6222,6221,6222,6221,6222,6221,6222,6221,6222,6221,6222,6221,6222,6221,6222
6383,6384,6383,6384,6383,6384,6383,6384,6383,6384,6383,6384,6383,6384,6383,6384,6383,6384,6383,6384,6383,6384,6383,6384,6383,6384,6383,6384,6383,6384,6383,6384,6383,6384,6383,6384,6383,6384,6383,6384,6383,6384,6383,6384,6383,6384,6383,6384,6383,6384
6221,6222,6221,6222,6221,6222,6221,6222,6221,6222,6221,6222,6221,6222,6221,6222,6221,6222,6221,6222,6221,6222,6221,6222,6221,6222,6221,6222,6221,6222,6221,6222,6221,6222,6221,6222,6221,6222,6221,6222,6221,6222,6221,6222,6221,6222,6221,6222,6221,6222
6383,6384,6383,6384,6383,6384,6383,6384,6383,6384,6383,6384,6383,6384,6383,6384,6383,6384,6383,6384,6383,6384,6383,6384,6383,6384,6383,6384,6383,6384,6383,6384,6383,6384,6383,6384,6383,6384,6383,6384,6383,6384,6383,6384,6383,6384,6383,6384,6383,6384
6221,6222,6221,6222,6221,6222,6221,6222,6221,6222,6221,6222,6221,6222,6221,6222,6221,6222,6221,6222,6221,6222,6221,6222,6221,6222,6221,6222,6221,6222,6221,6222,6221,6222,6221,6222,6221,6222,6221,6222,6221,6222,6221,6222,6221,6222,6221,6222,6221,6222
6383,6384,6383,6384,6383,6384,6383,6384,6383,6384,6383,6384,6383,6384,6383,6384,6383,6384,6383,6384,6383,6384,6383,6384,6383,6384,6383,6384,6383,6384,6383,6384,6383,6384,6383,6384,6383,6384,6383,6384,6383,6384,6383,6384,6383,6384,6383,6384,6383,6384
6221,6222,6221,6222,6221,6222,6221,6222,6221,6222,6221,6222,6221,6222,6221,6222,6221,6222,6221,6222,6221,6222,6221,6222,6221,6222,6221,6222,6221,6222,6221,6222,6221,6222,6221,6222,6221,6222,6221,6222,6221,6222,6221,6222,6221,6222,6221,6222,6221,6222
6383,6384,6383,6384,6383,6384,6383,6384,6383,6384,6383,6384,6383,6384,6383,6384,6383,6384,6383,6384,6383,6384,6383,6384,6383,6384,6383,6384,6383,6384,6383,6384,6383,6384,6383,6384,6383,6384,6383,6384,6383,6384,6383,6384,6383,6384,6383,6384,6383,6384
6221,6222,6221,6222,6221,6222,6221,6222,6221,6222,6221,6222,6221,6222,6221,6222,6221,6222,6221,6222,6221,6222,6221,6222,6221,6222,6221,6222,6221,6222,6221,6222,6221,6222,6221,6222,6221,6222,6221,6222,6221,6222,6221,6222,6221,6222,6221,6222,6221,6222
6383,6384,6383,6384,6383,6384,6383,6384,6383,6384,6383,6384,6383,6384,6383,6384,6383,6384,6383,6384,6383,6384,6383,6384,6383,6384,6383,6384,6383,6384,6383,6384,6383,6384,6383,6384,6383,6384,6383,6384,6383,6384,6383,6384,6383,6384,6383,6384,6383,6384
6221,6222,6221,6222,6221,6222,6221,6222,6221,6222,6221,6222,6221,6222,6221,6222,6221,6222,6221,6222,6221,6222,6221,6222,6221,6222,6221,6222,6221,6222,6221,6222,6221,6222,6221,6222,6221,6222,6221,6222,6221,6222,6221,6222,6221,6222,6221,6222,6221,6222
6383,6384,6383,6384,6383,6384,6383,6384,6383,6384,6383,6384,6383,6384,6383,6384,6383,6384,6383,6384,6383,6384,6383,6384,6383,6384,6383,6384,6383,6384,6383,6384,6383,6384,6383,6384,6383,6384,6383,6384,6383,6384,6383,6384,6383,6384,6383,6384,6383,6384
6221,6222,6221,6222,6221,6222,6221,6222,6221,6222,6221,6222,6221,6222,6221,6222,6221,6222,6221,6222,6221,6222,6221,6222,6221,6222,6221,6222,6221,6222,6221,6222,6221,6222,6221,6222,6221,6222,6221,6222,6221,6222,6221,6222,6221,6222,6221,6222,6221,6222
6383,6384,6383,6384,6383,6384,6383,6384,6383,6384,6383,6384,6383,6384,6383,6384,6383,6384,6383,6384,6383,6384,6383,6384,6383,6384,6383,6384,6383,6384,6383,6384,6383,6384,6383,6384,6383,6384,6383,6384,6383,6384,6383,6384,6383,6384,6383,6384,6383,6384
6221,6222,6221,6222,6221,6222,6221,6222,6221,6222,6221,6222,6221,6222,6221,6222,6221,6222,6221,6222,6221,6222,6221,6222,6221,6222,6221,6222,6221,6222,6221,6222,6221,6222,6221,6222,6221,6222,6221,6222,6221,6222,6221,6222,6221,6222,6221,6222,6221,6222
6383,6384,6383,6384,6383,6384,6383,6384,6383,6384,6383,6384,6383,6384,6383,6384,6383,6384,6383,6384,6383,6384,6383,6384,6383,6384,6383,6384,6383,6384,6383,6384,6383,6384,6383,6384,6383,6384,6383,6384,6383,6384,6383,6384,6383,6384,6383,6384,6383,6384
6221,6222,6221,6222,6221,6222,6221,6222,6221,6222,6221,6222,6221,6222,6221,6222,6221,6222,6221,6222,6221,6222,6221,6222,6221,6222,6221,6222,6221,6222,6221,6222,6221,6222,6221,6222,6221,6222,6221,6222,6221,6222,6221,6222,6221,6222,6221,6222,6221,6222
6383,6384,6383,6384,6383,6384,6383,6384,6383,6384,6383,6384,6383,6384,6383,6384,6383,6384,6383,6384,6383,6384,6383,6384,6383,6384,6383,6384,6383,6384,6383,6384,6383,6384,6383,6384,6383,6384,6383,6384,6383,6384,6383,6384,6383,6384,6383,6384,6383,6384
6221,6222,6221,6222,6221,6222,6221,6222,6221,6222,6221,6222,6221,6222,6221,6222,6221,6222,6221,6222,6221,6222,6221,6222,6221,6222,6221,6222,6221,6222,6221,6222,6221,6222,6221,6222,6221,6222,6221,6222,6221,6222,6221,6222,6221,6222,6221,6222,6221,6222
6383,6384,6383,6384,6383,6384,6383,6384,6383,6384,6383,6384,6383,6384,6383,6384,6383,6384,6383,6384,6383,6384,6383,6384,6383,6384,6383,6384,6383,6384,6383,6384,6383,6384,6383,6384,6383,6384,6383,6384,6383,6384,6383,6384,6383,6384,6383,6384,6383,6384
6221,6222,6221,6222,6221,6222,6221,6222,6221,6222,6221,6222,6221,6222,6221,6222,6221,6222,6221,6222,6221,6222,6221,6222,6221,6222,6221,6222,6221,6222,6221,6222,6221,6222,6221,6222,6221,6222,6221,6222,6221,6222,6221,6222,6221,6222,6221,6222,6221,6222
6383,6384,6383,6384,6383,6384,6383,6384,6383,6384,6383,6384,6383,6384,6383,6384,6383,6384,6383,6384,6383,6384,6383,6384,6383,6384,6383,6384,6383,6384,6383,6384,6383,6384,6383,6384,6383,6384,6383,6384,6383,6384,6383,6384,6383,6384,6383,6384,6383,6384
6221,6222,6221,6222,6221,6222,6221,6222,6221,6222,6221,6222,6221,6222,6221,6222,6221,6222,6221,6222,6221,6222,6221,6222,6221,6222,6221,6222,6221,6222,6221,6222,6221,6222,6221,6222,6221,6222,6221,6222,6221,6222,6221,6222,6221,6222,6221,6222,6221,6222
6383,6384,6383,6384,6383,6384,6383,6384,6383,6384,6383,6384,6383,6384,6383,6384,6383,6384,6383,6384,6383,6384,6383,6384,6383,6384,6383,6384,6383,6384,6383,6384,6383,6384,6383,6384,6383,6384,6383,6384,6383,6384,6383,6384,6383,6384,6383,6384,6383,6384
6221,6222,6221,6222,6221,6222,6221,6222,6221,6222,6221,6222,6221,6222,6221,6222,6221,6222,6221,6222,6221,6222,6221,6222,6221,6222,6221,6222,6221,6222,6221,6222,6221,6222,6221,6222,6221,6222,6221,6222,6221,6222,6221,6222,6221,6222,6221,6222,6221,6222
6383,6384,6383,6384,6383,6384,6383,6384,6383,6384,6383,6384,6383,6384,6383,6384,6383,6384,6383,6384,6383,6384,6383,6384,6383,6384,6383,6384,6383,6384,6383,6384,6383,6384,6383,6384,6383,6384,6383,6384,6383,6384,6383,6384,6383,6384,6383,6384,6383,6384
6221,6222,6221,6222,6221,6222,6221,6222,6221,6222,6221,6222,6221,6222,6221,6222,6221,6222,6221,6222,6221,6222,6221,6222,6221,6222,6221,6222,6221,6222,6221,6222,6221,6222,6221,6222,6221,6222,6221,6222,6221,6222,6221,6222,6221,6222,6221,6222,6221,6222
6383,6384,6383,6384,6383,6384,6383,6384,6383,6384,6383,6384,6383,6384,6383,6384,6383,6384,6383,6384,6383,6384,6383,6384,6383,6384,6383,6384,6383,6384,6383,6384,6383,6384,6383,6384,6383,6384,6383,6384,6383,6384,6383,6384,6383,6384,6383,6384,6383,6384
6221,6222,6221,6222,6221,6222,6221,6222,6221,6222,6221,6222,6221,6222,6221,6222,6221,6222,6221,6222,6221,6222,6221,6222,6221,6222,6221,6222,6221,6222,6221,6222,6221,6222,6221,6222,6221,6222,6221,6222,6221,6222,6221,6222,6221,6222,6221,6222,6221,6222
6383,6384,6383,6384,6383,6384,6383,6384,6383,6384,6383,6384,6383,6384,6383,6384,6383,6384,6383,6384,6383,6384,6383,6384,6383,6384,6383,6384,6383,6384,6383,6384,6383,6384,6383,6384,6383,6384,6383,6384,6383,6384,6383,6384,6383,6384,6383,6384,6383,6384
6221,6222,6221,6222,6221,6222,6221,6222,6221,6222,6221,6222,6221,6222,6221,6222,6221,6222,6221,6222,6221,6222,6221,6222,6221,6222,6221,6222,6221,6222,6221,6222,6221,6222,6221,6222,6221,6222,6221,6222,6221,6222,6221,6222,6221,6222,6221,6222,6221,6222
6383,6384,6383,6384,6383,6384,6383,6384,6383,6384,6383,6384,6383,6384,6383,6384,6383,6384,6383,6384,6383,6384,6383,6384,6383,6384,6383,6384,6383,6384,6383,6384,6383,6384,6383,6384,6383,6384,6383,6384,6383,6384,6383,6384,6383,6384,6383,6384,6383,6384
6221,6222,6221,6222,6221,6222,6221,6222,6221,6222,6221,6222,6221,6222,6221,6222,6221,6222,6221,6222,6221,6222,6221,6222,6221,6222,6221,6222,6221,6222,6221,6222,6221,6222,6221,6222,6221,6222,6221,6222,6221,6222,6221,6222,6221,6222,6221,6222,6221,6222
6383,6384,6383,6384,6383,6384,6383,6384,6383,6384,6383,6384,6383,6384,6383,6384,6383,6384,6383,6384,6383,6384,6383,6384,6383,6384,6383,6384,6383,6384,6383,6384,6383,6384,6383,6384,6383,6384,6383,6384,6383,6384,6383,6384,6383,6384,6383,6384,6383,6384
6221,6222,6221,6222,6221,6222,6221,6222,6221,6222,6221,6222,6221,6222,6221,6222,6221,6222,6221,6222,6221,6222,6221,6222,6221,6222,6221,6222,6221,6222,6221,6222,6221,6222,6221,6222,6221,6222,6221,6222,6221,6222,6221,6222,6221,6222,6221,6222,6221,6222
6383,6384,6383,6384,6383,6384,6383,6384,6383,6384,6383,6384,6383,6384,6383,6384,6383,6384,6383,6384,6383,6384,6383,6384,6383,6384,6383,6384,6383,6384,6383,6384,6383,6384,6383,6384,6383,6384,6383,6384,6383,6384,6383,6384,6383,6384,6383,6384,6383,6384

225,225,225,225,225,225,225,225,225,225,225,225,225,225,225,225,225,225,225,225,225,225,225,225,225,225,225,225,225,225,225,225,225,225,225,225,225,225,225,225,225,225,225,225,225,225,225,225,225,225
225,225,225,225,225,225,225,225,225,225,225,225,225,225,225,225,225,225,225,225,225,225,225,225,225,225,225,225,225,225,225,225,225,225,225,225,225,225,225,225,225,225,225,225,225,225,225,225,225,225
225,225,225,225,225,225,225,225,225,225,225,225,225,225,225,225,225,225,225,225,225,225,225,225,225,225,225,225,225,225,225,225,225,225,225,225,225,225,225,225,225,225,225,225,225,225,225,225,225,225
225,225,225,225,76,300,301,302,303,300,301,302,303,300,301,302,303,303,303,303,303,303,303,303,303,303,303,303,303,303,303,303,301,302,303,303,303,303,303,303,303,303,303,303,303,303,75,225,225,225
225,225,225,225,190,5167,5167,156,156,156,157,5167,5167,147,152,5167,5167,5167,5167,5167,5167,5167,5167,5167,5167,5167,5168,5167,5168,5167,5168,5167,5168,5167,5167,5167,5167,5167,5167,5167,5167,5167,5167,5167,5167,5168,147,225,225,225
225,225,225,225,228,5329,5329,194,194,194,195,5329,5329,147,190,5329,5329,5329,5329,5329,5329,5329,5329,5329,5329,5329,5330,5329,5330,5329,5330,5329,5330,5329,5329,5329,5329,5329,5329,5329,5329,5329,5329,5329,5329,5330,185,225,225,225
225,225,225,225,152,5491,5491,232,232,232,233,5491,5491,147,228,5491,5491,5491,5491,5491,5491,5491,5491,5491,5491,5491,5492,5491,5492,5491,5492,5491,5492,5491,5491,5491,5491,5491,5491,5491,5491,5491,5491,5491,5491,5492,223,225,225,225
225,225,225,225,152,5653,5653,270,270,270,271,5653,5653,147,266,5653,5653,5653,5653,5653,5653,5653,5653,5653,5653,5653,5654,5653,5654,5653,5654,5653,5654,5653,5653,5653,5653,5653,5653,5653,5653,5653,5653,5653,5653,5654,223,225,225,225
225,225,225,225,152,0,0,0,0,0,0,0,0,147,266,0,0,0,0,0,0,0,0,0,0,0,0,0,0,0,0,0,0,0,0,0,0,0,0,0,0,0,0,0,0,0,223,225,225,225
225,225,225,225,152,0,0,0,0,0,0,0,0,147,266,0,0,0,0,0,0,0,0,0,0,0,0,0,0,0,0,0,0,0,0,0,0,0,0,0,0,0,0,0,0,0,185,225,225,225
225,225,225,225,152,0,0,0,0,0,0,0,0,185,266,0,0,0,0,0,0,0,0,0,0,0,0,0,0,0,0,0,0,0,0,0,0,0,0,0,0,0,0,0,0,0,223,225,225,225
225,225,225,225,190,0,0,0,0,0,0,0,0,223,266,0,0,0,0,0,0,0,0,0,0,0,0,0,0,0,0,0,0,0,0,0,0,0,0,0,0,0,0,0,0,0,223,225,225,225
225,225,225,225,228,0,0,0,0,0,0,0,0,147,266,0,0,0,0,0,0,0,0,0,0,0,0,0,0,0,0,0,0,0,0,0,0,0,0,0,0,0,0,0,0,0,223,225,225,225
225,225,225,225,152,0,0,0,0,0,0,0,0,147,266,0,0,0,0,0,0,0,0,0,0,0,0,0,0,0,0,0,0,0,0,0,0,0,0,0,0,0,0,0,0,0,223,225,225,225
225,225,225,225,152,0,0,0,0,0,0,0,0,147,266,0,0,0,0,0,0,0,0,0,0,0,0,0,0,0,0,0,0,0,0,0,0,0,0,0,0,0,0,0,0,0,223,225,225,225
225,225,225,225,152,0,0,0,0,0,0,0,0,147,190,0,0,0,0,0,0,0,0,0,0,0,0,0,0,0,0,0,0,0,0,0,0,0,0,0,0,0,0,0,0,0,223,225,225,225
225,225,225,225,152,0,0,0,0,0,0,0,0,185,228,0,0,0,0,0,0,0,0,0,0,0,0,0,0,0,0,0,0,0,0,0,0,0,0,0,0,0,0,0,0,0,223,225,225,225
225,225,225,225,152,0,0,0,0,0,0,0,0,223,266,0,0,0,0,0,0,0,0,0,0,0,0,0,0,0,0,0,0,0,0,0,0,0,0,0,0,0,0,0,0,0,223,225,225,225
225,225,225,225,190,0,0,0,0,0,0,0,0,147,266,0,0,0,0,0,0,0,0,0,0,0,0,0,0,0,0,0,0,0,0,0,0,0,0,0,0,0,0,0,0,0,147,225,225,225
225,225,225,225,228,0,0,0,0,0,0,0,0,147,266,0,0,0,0,0,0,0,0,0,0,0,0,0,0,0,0,0,0,0,0,0,0,0,0,0,0,0,0,0,0,0,147,225,225,225
225,225,225,225,152,0,0,0,0,0,0,0,0,147,266,0,0,0,0,0,0,0,0,0,0,0,0,0,0,0,0,0,0,0,0,0,0,0,0,0,0,0,0,0,0,0,147,225,225,225
225,225,225,225,152,0,0,0,0,0,0,0,0,147,266,0,0,0,0,0,0,0,0,0,0,0,0,0,0,0,0,0,0,0,0,0,0,0,0,0,0,0,0,0,0,0,147,225,225,225
225,225,225,225,152,0,0,0,0,0,0,0,0,185,190,0,0,0,0,0,0,0,0,0,0,0,0,0,0,0,0,0,0,0,0,0,0,0,0,0,0,0,0,0,0,0,147,225,225,225
225,225,225,225,152,0,0,0,0,0,0,0,0,223,228,0,0,0,0,0,0,0,0,0,0,0,0,0,0,0,0,0,0,0,0,0,0,0,0,0,0,0,0,0,0,0,147,225,225,225
225,225,225,225,152,0,0,0,0,0,0,0,0,147,266,0,0,0,0,0,0,0,0,0,0,0,0,0,0,0,0,0,0,0,0,0,0,0,0,0,0,0,0,0,0,0,147,225,225,225
225,225,225,225,152,0,0,0,0,0,0,0,0,147,266,0,0,0,0,0,0,0,0,0,0,0,0,0,0,0,0,0,0,0,0,0,0,0,0,0,0,0,0,0,0,0,147,225,225,225
225,225,225,225,152,0,0,0,0,0,0,0,0,147,266,0,0,0,0,0,0,0,0,0,0,0,0,0,0,0,0,0,0,0,0,0,0,0,0,0,0,0,0,0,0,0,147,225,225,225
225,225,225,225,190,0,0,0,0,0,0,0,0,185,266,0,0,0,0,0,11878,11879,11880,11881,11878,11879,11880,11881,11878,11879,11880,11881,11878,11879,11880,11881,11878,11879,11880,11881,11878,11879,11880,11881,11881,11881,147,225,225,225
225,225,225,225,228,0,0,0,0,0,0,0,0,223,266,0,0,0,0,0,11910,11911,11912,11913,11910,11911,11912,11913,11910,11911,11912,11913,11910,11911,11912,11913,11910,11911,11912,11913,11910,11911,11912,11913,11913,11913,147,225,225,225
225,225,225,225,152,0,0,0,0,0,0,0,0,261,266,0,0,0,0,0,0,0,0,0,0,0,0,0,0,0,0,0,0,0,0,0,0,0,0,0,0,0,0,0,0,0,147,225,225,225
225,225,225,225,152,0,0,0,0,0,0,0,0,147,228,0,0,0,0,0,0,0,0,0,0,0,0,0,0,0,0,0,0,0,0,0,0,0,0,0,0,0,0,0,0,0,147,225,225,225
225,225,225,225,152,0,0,0,0,0,0,0,0,147,266,0,0,0,0,0,0,0,0,0,0,0,0,0,0,0,0,0,0,0,0,0,0,0,0,0,0,0,0,0,0,0,185,225,225,225
225,225,225,225,152,0,0,0,0,0,0,0,0,147,266,0,0,0,0,0,0,0,0,0,0,0,0,0,0,0,0,0,0,0,0,0,0,0,0,0,0,0,0,0,0,0,223,225,225,225
225,225,225,225,152,0,0,0,0,0,0,0,0,147,38,110,110,110,110,111,110,110,110,110,110,111,112,110,111,112,113,110,111,112,113,110,111,112,110,111,110,111,112,114,0,0,147,225,225,225
225,225,225,225,152,0,0,0,0,0,0,0,0,299,301,302,303,302,303,303,303,303,303,303,303,303,303,303,302,303,303,303,303,302,303,303,303,303,303,303,303,303,303,304,0,0,185,225,225,225
225,225,225,225,152,0,0,0,0,0,0,0,0,5329,5330,5329,5330,5329,5330,5329,5329,5330,5329,5329,5329,5329,5329,5329,5330,5329,5329,5329,5329,5329,5329,5329,5329,5329,5329,5329,5329,5329,5329,5330,0,0,223,225,225,225
225,225,225,225,152,0,0,0,0,0,0,0,0,5491,5492,5491,5492,5491,5492,5491,5491,5492,5491,5491,5491,5491,5491,5491,5492,5491,5491,5491,5491,5491,5491,5491,5491,5491,5491,5491,5491,5491,5491,5492,0,0,223,225,225,225
225,225,225,225,152,0,0,0,0,0,0,0,0,5653,5654,5653,5654,5653,5654,5653,5653,5654,5653,5653,5653,5653,5653,5653,5654,5653,5653,5653,5653,5653,5653,5653,5653,5653,5653,5653,5653,5653,5653,5654,0,0,223,225,225,225
225,225,225,225,152,0,0,0,0,0,0,0,0,0,0,0,0,0,0,0,0,0,0,0,0,0,0,0,0,0,0,0,0,0,0,0,0,0,0,0,0,0,0,0,0,0,223,225,225,225
225,225,225,225,152,0,0,0,0,0,0,0,0,0,0,0,0,0,0,0,0,0,0,0,0,0,0,0,0,0,0,0,0,0,0,0,0,0,0,0,0,0,0,0,0,0,223,225,225,225
225,225,225,225,190,0,0,0,0,0,0,0,0,0,0,0,0,0,0,0,0,0,0,0,0,0,0,0,0,0,0,0,0,0,0,0,0,0,0,0,0,0,0,0,0,0,223,225,225,225
225,225,225,225,228,0,0,0,0,0,0,0,0,0,0,0,0,0,0,0,0,0,0,0,0,0,0,0,0,0,0,0,0,0,0,0,0,0,0,0,0,0,0,0,0,0,223,225,225,225
225,225,225,225,38,111,112,113,113,113,113,113,110,110,110,110,110,110,110,111,110,110,110,110,110,110,110,110,110,111,112,113,110,110,110,110,110,110,111,110,110,110,110,110,111,112,37,225,225,225
225,225,225,225,225,225,225,225,225,225,225,225,225,225,225,225,225,225,225,225,225,225,225,225,225,225,225,225,225,225,225,225,225,225,225,225,225,225,225,225,225,225,225,225,225,225,225,225,225,225
225,225,225,225,225,225,225,225,225,225,225,225,225,225,225,225,225,225,225,225,225,225,225,225,225,225,225,225,225,225,225,225,225,225,225,225,225,225,225,225,225,225,225,225,225,225,225,225,225,225
225,225,225,225,225,225,225,225,225,225,225,225,225,225,225,225,225,225,225,225,225,225,225,225,225,225,225,225,225,225,225,225,225,225,225,225,225,225,225,225,225,225,225,225,225,225,225,225,225,225
225,225,225,225,225,225,225,225,225,225,225,225,225,225,225,225,225,225,225,225,225,225,225,225,225,225,225,225,225,225,225,225,225,225,225,225,225,225,225,225,225,225,225,225,225,225,225,225,225,225
225,225,225,225,225,225,225,225,225,225,225,225,225,225,225,225,225,225,225,225,225,225,225,225,225,225,225,225,225,225,225,225,225,225,225,225,225,225,225,225,225,225,225,225,225,225,225,225,225,225
225,225,225,225,225,225,225,225,225,225,225,225,225,225,225,225,225,225,225,225,225,225,225,225,225,225,225,225,225,225,225,225,225,225,225,225,225,225,225,225,225,225,225,225,225,225,225,225,225,225
225,225,225,225,225,225,225,225,225,225,225,225,225,225,225,225,225,225,225,225,225,225,225,225,225,225,225,225,225,225,225,225,225,225,225,225,225,225,225,225,225,225,225,225,225,225,225,225,225,225

0,0,0,0,0,0,0,0,0,0,0,0,0,0,0,0,0,0,0,0,0,0,0,0,0,0,0,0,0,0,0,0,0,0,0,0,0,0,0,0,0,0,0,0,0,0,0,0,0,0
0,0,0,0,0,0,0,0,0,0,0,0,0,0,0,0,0,0,0,0,0,0,0,0,0,0,0,0,0,0,0,0,0,0,0,0,0,0,0,0,0,0,0,0,0,0,0,0,0,0
0,0,0,0,0,0,0,0,0,0,0,0,0,0,0,0,0,0,0,0,0,0,0,0,0,0,0,0,0,0,0,0,0,0,0,0,0,0,0,0,0,0,0,0,0,0,0,0,0,0
0,0,0,0,0,0,0,0,0,0,0,0,0,0,0,0,0,0,0,0,0,0,0,0,0,0,0,0,0,0,0,0,0,0,0,0,0,0,0,0,0,0,0,0,0,0,0,0,0,0
0,0,0,0,0,0,0,0,0,0,0,11981,11982,0,0,0,0,11983,11984,0,0,11987,11988,0,0,11983,11984,0,0,11987,11988,0,0,0,11983,11984,0,0,11987,11988,0,0,11983,11984,0,0,0,0,0,0
0,0,0,0,0,0,0,0,0,0,0,12013,12014,0,0,0,0,12015,12016,0,0,12019,12020,0,0,12015,12016,0,0,12019,12020,0,0,0,12015,12016,0,0,12019,12020,0,0,12015,12016,0,0,0,0,0,0
0,0,0,0,0,0,0,0,0,0,0,12045,12046,0,0,0,0,12047,12048,0,0,12051,12052,0,0,12047,12048,0,0,12051,12052,0,0,0,12047,12048,0,0,12051,12052,0,0,12047,12048,0,0,0,0,0,0
0,0,0,0,0,0,0,0,0,0,0,12077,12078,0,0,0,0,12079,12080,0,0,12083,12084,0,0,12079,12080,0,0,12083,12084,0,0,0,12079,12080,0,0,12083,12084,0,0,12079,12080,0,0,0,0,0,0
0,0,0,0,0,0,0,0,0,0,0,0,0,0,0,11855,11856,11725,11726,0,0,0,0,0,0,0,0,0,0,12217,12218,12219,12220,0,0,12065,12066,0,0,0,0,0,0,0,0,0,0,0,0,0
0,0,0,0,0,0,0,0,0,0,0,0,0,0,0,11887,11888,11757,11758,0,0,0,0,0,0,0,0,0,0,12249,12250,12251,12252,0,0,12097,12098,0,0,0,0,10663,10664,0,0,0,0,0,0,0
0,0,0,0,0,0,0,0,0,0,0,0,0,0,0,11919,11920,11789,11790,0,0,0,0,0,0,0,0,0,0,12281,12282,12283,12284,0,0,12067,12068,0,0,0,0,10695,10696,0,0,0,0,0,0,0
0,0,0,0,0,0,0,0,0,0,0,0,0,0,0,11951,11952,11821,11822,0,0,0,0,0,0,0,0,0,0,12313,12314,12315,12316,0,0,12099,12100,0,0,0,0,0,0,0,0,0,0,0,0,0
0,0,0,0,0,0,0,0,0,0,0,0,0,0,0,0,0,0,0,0,0,0,0,0,0,0,0,0,0,12345,12346,12347,12348,0,0,12067,12068,0,0,0,0,0,0,0,0,0,0,0,0,0
0,0,0,0,0,0,0,0,0,0,0,0,0,0,0,0,0,0,0,0,0,0,0,0,0,0,0,0,0,0,0,0,0,0,0,12099,12100,0,0,0,0,0,0,0,0,0,0,0,0,0
0,0,0,0,0,0,0,0,0,0,0,0,0,0,0,0,0,0,0,0,0,0,0,0,0,0,0,0,0,0,0,0,0,0,0,12067,12068,0,0,0,0,0,0,0,0,0,0,0,0,0
0,0,0,0,0,0,0,0,0,0,0,0,0,0,0,0,0,0,0,0,0,0,0,0,0,0,0,0,0,0,0,0,0,0,0,12131,12132,0,0,0,0,0,0,0,0,0,0,0,0,0
0,0,0,0,0,0,0,0,0,0,0,0,0,0,0,12191,12192,12193,12194,0,0,0,0,0,0,0,0,0,12323,12324,0,0,0,11995,11996,12163,12164,0,0,0,0,0,0,0,0,0,0,0,0,0
0,0,0,0,0,0,0,0,0,0,0,0,0,0,0,12223,12224,12225,12226,0,0,0,0,0,0,0,0,0,12355,12356,0,0,0,12027,12028,0,0,0,0,0,0,0,0,0,0,0,0,0,0,0
0,0,0,0,0,0,0,0,0,0,0,0,0,0,0,12255,12256,12257,12258,0,0,0,0,0,0,0,0,0,12387,12388,0,0,0,12059,12060,0,0,0,0,0,0,0,0,0,0,0,0,0,0,0
0,0,0,0,0,11855,11856,0,0,0,0,11725,11726,0,0,12287,12288,12289,12290,0,0,0,0,0,0,0,0,0,12419,12420,0,0,0,12091,12092,0,0,12001,12002,11997,11998,11997,11997,11998,11999,12000,0,0,0,0
0,0,0,0,0,11887,11888,0,0,0,0,11757,11758,0,0,0,0,0,0,0,0,0,0,0,0,0,0,0,0,0,0,0,0,12123,12124,0,0,12033,12034,12029,12030,12029,12029,12030,12031,12032,0,0,0,0
0,0,0,0,0,11919,11920,0,0,0,0,11789,11790,0,0,0,0,0,0,0,0,0,0,0,0,0,0,0,0,0,0,0,0,12155,12156,0,0,0,0,0,0,0,0,11601,11602,0,0,0,0,0
0,0,0,0,0,11951,11952,0,0,0,0,11821,11822,0,0,0,0,0,0,0,0,0,0,0,0,0,0,0,0,0,0,0,0,0,0,0,0,0,0,0,0,0,0,11633,11634,0,0,0,0,0
0,0,0,0,0,0,0,0,0,0,0,0,0,0,0,0,0,0,0,0,0,0,0,0,0,0,0,0,0,0,0,0,0,0,0,0,0,0,0,0,0,0,0,0,0,0,0,0,0,0
0,0,0,0,0,0,0,0,0,0,0,0,0,0,0,0,0,0,0,0,0,0,0,0,0,0,0,0,0,0,0,0,0,0,0,0,0,0,0,0,0,0,0,0,0,0,0,0,0,0
0,0,0,0,0,0,0,0,0,0,0,0,0,0,0,0,0,0,0,0,0,0,0,0,0,0,0,0,0,0,0,0,0,0,0,0,0,0,0,0,0,0,0,0,0,0,0,0,0,0
0,0,0,0,0,0,0,0,0,0,0,0,0,0,0,0,0,0,0,0,0,0,0,0,0,0,0,0,0,0,0,0,0,0,0,0,0,0,0,0,0,0,0,0,0,0,0,0,0,0
0,0,0,0,0,0,0,0,0,0,0,0,0,0,0,0,0,0,0,0,0,0,0,0,0,0,0,0,0,0,0,0,0,0,0,0,0,0,0,0,0,0,0,0,0,0,0,0,0,0
0,0,0,0,0,0,0,0,0,0,0,0,0,0,0,0,0,0,0,0,0,0,0,0,0,0,0,0,0,0,0,0,0,0,0,0,0,0,0,0,0,0,0,0,0,0,0,0,0,0
0,0,0,0,0,0,0,0,0,0,0,0,0,0,0,0,0,0,0,0,0,0,0,0,0,0,0,0,0,0,0,0,0,0,0,0,0,0,0,0,0,0,0,0,0,0,0,0,0,0
0,0,0,0,0,11855,11856,0,0,0,0,11601,11602,0,0,0,0,0,0,0,0,0,0,0,0,0,0,0,0,0,0,0,0,0,0,0,0,0,0,0,0,0,0,0,0,0,0,0,0,0
0,0,0,0,0,11887,11888,0,0,0,0,11633,11634,0,0,0,0,0,0,0,0,0,0,0,0,0,0,0,0,0,0,0,0,0,0,0,0,0,0,0,0,0,0,0,0,0,0,0,0,0
0,0,0,0,0,11919,11920,0,0,0,0,0,0,0,0,0,0,0,0,0,0,0,0,0,0,0,0,0,0,0,0,0,0,0,0,0,0,0,0,0,0,0,0,0,0,0,0,0,0,0
0,0,0,0,0,11951,11952,0,0,0,0,0,0,0,0,0,0,0,0,0,0,0,0,0,0,0,0,0,0,0,0,0,0,0,0,0,0,0,0,0,0,0,0,0,0,0,0,0,0,0
0,0,0,0,0,0,0,0,0,0,0,0,0,0,0,0,0,0,0,0,0,0,0,0,0,0,0,0,0,0,0,0,0,0,0,0,0,0,0,0,0,0,0,0,0,0,0,0,0,0
0,0,0,0,0,0,0,0,0,0,0,0,0,11983,11984,0,0,11985,11986,0,0,11983,11984,0,0,11985,11986,0,0,0,11983,11984,0,0,0,11985,11986,0,11983,11984,0,0,0,0,0,0,0,0,0,0
0,0,0,0,0,0,0,0,0,0,0,0,0,12015,12016,0,0,12017,12018,0,0,12015,12016,0,0,12017,12018,0,0,0,12015,12016,0,0,0,12017,12018,0,12015,12016,0,0,0,0,0,0,0,0,0,0
0,0,0,0,0,0,0,0,0,0,0,0,0,12047,12048,0,0,12049,12050,0,0,12047,12048,0,0,12049,12050,0,0,0,12047,12048,0,0,0,12049,12050,0,12047,12048,0,0,0,0,0,0,0,0,0,0
0,0,0,0,0,0,0,0,0,0,0,0,0,0,0,0,0,0,0,0,0,0,0,0,0,0,0,0,0,0,0,0,0,0,0,0,0,0,0,0,0,0,0,0,0,0,0,0,0,0
0,0,0,0,0,0,0,0,0,0,0,0,0,0,0,0,0,0,0,0,0,0,0,0,0,0,0,0,0,0,0,0,0,0,0,0,0,0,0,0,0,0,0,0,0,0,0,0,0,0
0,0,0,0,0,0,0,0,0,0,0,0,0,0,0,0,0,0,0,0,0,0,0,0,0,0,0,0,0,0,0,0,0,0,0,0,0,0,0,0,0,0,0,0,0,0,0,0,0,0
0,0,0,0,0,0,0,0,0,0,0,0,0,0,0,0,0,0,0,0,0,0,0,0,0,0,0,0,0,0,0,0,0,0,0,0,0,0,0,0,0,0,0,0,0,0,0,0,0,0
0,0,0,0,0,0,0,0,0,0,0,0,0,0,0,0,0,0,0,0,0,0,0,0,0,0,0,0,0,0,0,0,0,0,0,0,0,0,0,0,0,0,0,0,0,0,0,0,0,0
0,0,0,0,0,0,0,0,0,0,0,0,0,0,0,0,0,0,0,0,0,0,0,0,0,0,0,0,0,0,0,0,0,0,0,0,0,0,0,0,0,0,0,0,0,0,0,0,0,0
0,0,0,0,0,0,0,0,0,0,0,0,0,0,0,0,0,0,0,0,0,0,0,0,0,0,0,0,0,0,0,0,0,0,0,0,0,0,0,0,0,0,0,0,0,0,0,0,0,0
0,0,0,0,0,0,0,0,0,0,0,0,0,0,0,0,0,0,0,0,0,0,0,0,0,0,0,0,0,0,0,0,0,0,0,0,0,0,0,0,0,0,0,0,0,0,0,0,0,0
0,0,0,0,0,0,0,0,0,0,0,0,0,0,0,0,0,0,0,0,0,0,0,0,0,0,0,0,0,0,0,0,0,0,0,0,0,0,0,0,0,0,0,0,0,0,0,0,0,0
0,0,0,0,0,0,0,0,0,0,0,0,0,0,0,0,0,0,0,0,0,0,0,0,0,0,0,0,0,0,0,0,0,0,0,0,0,0,0,0,0,0,0,0,0,0,0,0,0,0
0,0,0,0,0,0,0,0,0,0,0,0,0,0,0,0,0,0,0,0,0,0,0,0,0,0,0,0,0,0,0,0,0,0,0,0,0,0,0,0,0,0,0,0,0,0,0,0,0,0
0,0,0,0,0,0,0,0,0,0,0,0,0,0,0,0,0,0,0,0,0,0,0,0,0,0,0,0,0,0,0,0,0,0,0,0,0,0,0,0,0,0,0,0,0,0,0,0,0,0

0,0,0,0,0,0,0,0,0,0,0,0,0,0,0,0,0,0,0,0,0,0,0,0,0,0,0,0,0,0,0,0,0,0,0,0,0,0,0,0,0,0,0,0,0,0,0,0,0,0
0,0,0,0,0,0,0,0,0,0,0,0,0,0,0,0,0,0,0,0,0,0,0,0,0,0,0,0,0,0,0,0,0,0,0,0,0,0,0,0,0,0,0,0,0,0,0,0,0,0
0,0,0,0,0,0,0,0,0,0,0,0,0,0,0,0,0,0,0,0,0,0,0,0,0,0,0,0,0,0,0,0,0,0,0,0,0,0,0,0,0,0,0,0,0,0,0,0,0,0
0,0,0,0,0,0,0,0,0,0,0,0,0,0,0,0,0,0,0,0,0,0,0,0,0,0,0,0,0,0,0,0,0,0,0,0,0,0,0,0,0,0,0,0,0,0,0,0,0,0
0,0,0,0,0,0,0,0,0,0,0,0,0,0,0,0,0,0,0,0,0,0,0,0,0,0,0,0,0,0,0,0,0,0,0,0,0,0,0,0,0,0,0,0,0,0,0,0,0,0
0,0,0,0,0,0,0,0,0,0,0,0,0,0,0,0,0,0,0,0,0,0,0,0,0,0,0,0,0,0,0,0,0,0,0,0,0,0,0,0,0,0,0,0,0,0,0,0,0,0
0,0,0,0,0,0,0,0,0,0,0,0,0,0,0,0,0,0,0,0,0,0,0,0,0,0,0,0,0,0,0,0,0,0,0,0,0,0,0,0,0,0,0,0,0,0,0,0,0,0
0,0,0,0,0,0,0,0,0,0,0,0,0,0,0,0,0,0,0,0,0,0,0,0,0,0,0,0,0,0,0,0,0,0,0,0,0,0,0,0,0,0,0,0,0,0,0,0,0,0
0,0,0,0,0,0,0,0,0,0,0,0,0,0,0,0,0,0,0,0,0,0,0,0,0,0,0,0,0,0,0,0,0,0,0,0,0,0,0,0,0,0,0,0,0,0,0,0,0,0
0,0,0,0,0,0,0,0,0,0,0,0,0,0,0,0,0,0,0,0,0,0,0,0,0,0,0,0,0,0,0,0,0,0,0,0,0,0,0,0,0,0,0,0,0,0,0,0,0,0
0,0,0,0,0,0,0,0,0,0,0,0,0,0,0,0,0,0,0,0,0,0,0,0,0,0,0,0,0,0,0,0,0,0,0,0,0,0,0,0,0,0,0,0,0,0,0,0,0,0
0,0,0,0,0,0,0,0,0,0,0,0,0,0,0,0,0,0,0,0,0,0,0,0,0,0,0,0,0,0,0,0,0,0,0,0,0,0,0,0,0,0,0,0,0,0,0,0,0,0
0,0,0,0,0,0,0,0,0,0,0,0,0,0,0,0,0,0,0,0,0,0,0,0,0,0,0,0,0,0,0,0,0,0,0,0,0,0,0,0,0,0,0,0,0,0,0,0,0,0
0,0,0,0,0,0,0,0,0,0,0,0,0,0,0,0,0,0,0,0,0,0,0,0,0,0,0,0,0,0,0,0,0,0,0,0,0,0,0,0,0,0,0,0,0,0,0,0,0,0
0,0,0,0,0,0,0,0,0,0,0,0,0,0,0,0,0,0,0,0,0,0,0,0,0,0,0,0,0,0,0,0,0,0,0,0,0,0,0,0,0,0,0,0,0,0,0,0,0,0
0,0,0,0,0,0,0,0,0,0,0,0,0,0,0,0,0,0,0,0,0,0,0,0,0,0,0,0,0,0,0,0,0,0,0,0,0,0,0,0,0,0,0,0,0,0,0,0,0,0
0,0,0,0,0,0,0,0,0,0,0,0,0,0,0,0,0,0,0,0,0,0,0,0,0,0,0,0,0,0,0,0,0,0,0,0,0,0,0,0,0,0,0,0,0,0,0,0,0,0
0,0,0,0,0,0,0,0,0,0,0,0,0,0,0,0,0,0,0,0,0,0,0,0,0,0,0,0,0,0,0,0,0,0,0,0,0,0,0,0,0,0,0,0,0,0,0,0,0,0
0,0,0,0,0,0,0,0,0,0,0,0,0,0,0,0,0,0,0,0,0,0,0,0,0,0,0,0,0,0,0,0,0,0,0,0,0,0,0,0,0,0,0,0,0,0,0,0,0,0
0,0,0,0,0,0,0,0,0,0,0,0,0,0,0,0,0,0,0,0,0,0,0,0,0,0,0,0,0,0,0,0,0,0,0,0,0,0,0,0,0,0,0,0,0,0,0,0,0,0
0,0,0,0,0,0,0,0,0,0,0,0,0,0,0,0,0,0,0,0,0,0,0,0,0,0,0,0,0,0,0,0,0,0,0,0,0,0,0,0,0,0,0,0,0,0,0,0,0,0
0,0,0,0,0,0,0,0,0,0,0,0,0,0,0,0,0,0,0,0,0,0,0,0,0,0,0,0,0,0,0,0,0,0,0,0,0,0,0,0,0,0,0,0,0,0,0,0,0,0
0,0,0,0,0,0,0,0,0,0,0,0,0,0,0,0,0,0,0,0,0,0,0,0,0,0,0,0,0,0,0,0,0,0,0,0,0,0,0,0,0,0,0,0,0,0,0,0,0,0
0,0,0,0,0,0,0,0,0,0,0,0,0,0,0,0,0,0,0,0,0,0,0,0,0,0,0,0,0,0,0,0,0,0,0,0,0,0,0,0,0,0,0,0,0,0,0,0,0,0
0,0,0,0,0,0,0,0,0,0,0,0,0,0,0,0,0,0,0,0,0,0,0,0,0,0,0,0,0,0,0,0,0,0,0,0,0,0,0,0,0,0,0,0,0,0,0,0,0,0
0,0,0,0,0,0,0,0,0,0,0,0,0,0,0,0,0,0,0,0,0,0,0,0,0,0,0,0,0,0,0,0,0,0,0,0,0,0,0,0,0,0,0,0,0,0,0,0,0,0
0,0,0,0,0,0,0,0,0,0,0,0,0,0,0,0,0,0,0,0,0,0,0,0,0,0,0,0,0,0,0,0,0,0,0,0,0,0,0,0,0,0,0,0,0,0,0,0,0,0
0,0,0,0,0,0,0,0,0,0,0,0,0,0,0,0,0,0,0,0,0,0,0,0,0,0,0,0,0,0,0,0,0,0,0,0,0,0,0,0,0,0,0,0,0,0,0,0,0,0
0,0,0,0,0,0,0,0,0,0,0,0,0,0,0,0,0,0,0,0,0,0,0,0,0,0,0,0,0,0,0,0,0,0,0,0,0,0,0,0,0,0,0,0,0,0,0,0,0,0
0,0,0,0,0,0,0,0,0,0,0,0,0,0,0,0,0,0,0,0,0,0,0,0,0,0,0,0,0,0,0,0,0,0,0,0,0,0,0,0,0,0,0,0,0,0,0,0,0,0
0,0,0,0,0,0,0,0,0,0,0,0,0,0,0,0,0,0,0,0,0,0,0,0,0,0,0,0,0,0,0,0,0,0,0,0,0,0,0,0,0,0,0,0,0,0,0,0,0,0
0,0,0,0,0,0,0,0,0,0,0,0,0,0,0,0,0,0,0,0,0,0,0,0,0,0,0,0,0,0,0,0,0,0,0,0,0,0,0,0,0,0,0,0,0,0,0,0,0,0
0,0,0,0,0,0,0,0,0,0,0,0,0,0,0,0,0,0,0,0,0,0,0,0,0,0,0,0,0,0,0,0,0,0,0,0,0,0,0,0,0,0,0,0,0,0,0,0,0,0
0,0,0,0,0,0,0,0,0,0,0,0,0,0,0,0,0,0,0,0,0,0,0,0,0,0,0,0,0,0,0,0,0,0,0,0,0,0,0,0,0,0,0,0,0,0,0,0,0,0
0,0,0,0,0,0,0,0,0,0,0,0,0,0,0,0,0,0,0,0,0,0,0,0,0,0,0,0,0,0,0,0,0,0,0,0,0,0,0,0,0,0,0,0,0,0,0,0,0,0
0,0,0,0,0,0,0,0,0,0,0,0,0,0,0,0,0,0,0,0,0,0,0,0,0,0,0,0,0,0,0,0,0,0,0,0,0,0,0,0,0,0,0,0,0,0,0,0,0,0
0,0,0,0,0,0,0,0,0,0,0,0,0,0,0,0,0,0,0,0,0,0,0,0,0,0,0,0,0,0,0,0,0,0,0,0,0,0,0,0,0,0,0,0,0,0,0,0,0,0
0,0,0,0,0,0,0,0,0,0,0,0,0,0,0,0,0,0,0,0,0,0,0,0,0,0,0,0,0,0,0,0,0,0,0,0,0,0,0,0,0,0,0,0,0,0,0,0,0,0
0,0,0,0,0,0,0,0,0,0,0,0,0,0,0,0,0,0,0,0,0,0,0,0,0,0,0,0,0,0,0,0,0,0,0,0,0,0,0,0,0,0,0,0,0,0,0,0,0,0
0,0,0,0,0,0,0,0,0,0,0,0,0,0,0,0,0,0,0,0,0,0,0,0,0,0,0,0,0,0,0,0,0,0,0,0,0,0,0,0,0,0,0,0,0,0,0,0,0,0
0,0,0,0,0,0,0,0,0,0,0,0,0,0,0,0,0,0,0,0,0,0,0,0,0,0,0,0,0,0,0,0,0,0,0,0,0,0,0,0,0,0,0,0,0,0,0,0,0,0
0,0,0,0,0,0,0,0,0,0,0,0,0,0,0,0,0,0,0,0,0,0,0,0,0,0,0,0,0,0,0,0,0,0,0,0,0,0,0,0,0,0,0,0,0,0,0,0,0,0
0,0,0,0,0,0,0,0,0,0,0,0,0,0,0,0,0,0,0,0,0,0,0,0,0,0,0,0,0,0,0,0,0,0,0,0,0,0,0,0,0,0,0,0,0,0,0,0,0,0
0,0,0,0,0,0,0,0,0,0,0,0,0,0,0,0,0,0,0,0,0,0,0,0,0,0,0,0,0,0,0,0,0,0,0,0,0,0,0,0,0,0,0,0,0,0,0,0,0,0
0,0,0,0,0,0,0,0,0,0,0,0,0,0,0,0,0,0,0,0,0,0,0,0,0,0,0,0,0,0,0,0,0,0,0,0,0,0,0,0,0,0,0,0,0,0,0,0,0,0
0,0,0,0,0,0,0,0,0,0,0,0,0,0,0,0,0,0,0,0,0,0,0,0,0,0,0,0,0,0,0,0,0,0,0,0,0,0,0,0,0,0,0,0,0,0,0,0,0,0
0,0,0,0,0,0,0,0,0,0,0,0,0,0,0,0,0,0,0,0,0,0,0,0,0,0,0,0,0,0,0,0,0,0,0,0,0,0,0,0,0,0,0,0,0,0,0,0,0,0
0,0,0,0,0,0,0,0,0,0,0,0,0,0,0,0,0,0,0,0,0,0,0,0,0,0,0,0,0,0,0,0,0,0,0,0,0,0,0,0,0,0,0,0,0,0,0,0,0,0
0,0,0,0,0,0,0,0,0,0,0,0,0,0,0,0,0,0,0,0,0,0,0,0,0,0,0,0,0,0,0,0,0,0,0,0,0,0,0,0,0,0,0,0,0,0,0,0,0,0
0,0,0,0,0,0,0,0,0,0,0,0,0,0,0,0,0,0,0,0,0,0,0,0,0,0,0,0,0,0,0,0,0,0,0,0,0,0,0,0,0,0,0,0,0,0,0,0,0,0

0,0,0,0,0,0,0,0,0,0,0,0,0,0,0,0,0,0,0,0,0,0,0,0,0,0,0,0,0,0,0,0,0,0,0,0,0,0,0,0,0,0,0,0,0,0,0,0,0,0
0,0,0,0,0,0,0,0,0,0,0,0,0,0,0,0,0,0,0,0,0,0,0,0,0,0,0,0,0,0,0,0,0,0,0,0,0,0,0,0,0,0,0,0,0,0,0,0,0,0
0,0,0,0,0,0,0,0,0,0,0,0,0,0,0,0,0,0,0,0,0,0,0,0,0,0,0,0,0,0,0,0,0,0,0,0,0,0,0,0,0,0,0,0,0,0,0,0,0,0
0,0,0,0,0,0,0,0,0,0,0,0,0,0,0,0,0,0,0,0,0,0,0,0,0,0,0,0,0,0,0,0,0,0,0,0,0,0,0,0,0,0,0,0,0,0,0,0,0,0
0,0,0,0,0,0,0,0,0,0,0,0,0,0,0,0,0,0,0,0,0,0,0,0,0,0,0,0,0,0,0,0,0,0,0,0,0,0,0,0,0,0,0,0,0,0,0,0,0,0
0,0,0,0,0,0,0,0,0,0,0,0,0,0,0,0,0,0,0,0,0,0,0,0,0,0,0,0,0,0,0,0,0,0,0,0,0,0,0,0,0,0,0,0,0,0,0,0,0,0
0,0,0,0,0,0,0,0,0,0,0,0,0,0,0,0,0,0,0,0,0,0,0,0,0,0,0,0,0,0,0,0,0,0,0,0,0,0,0,0,0,0,0,0,0,0,0,0,0,0
0,0,0,0,0,0,0,0,0,0,0,0,0,0,0,0,0,0,0,0,0,0,0,0,0,0,0,0,0,0,0,0,0,0,0,0,0,0,0,0,0,0,0,0,0,0,0,0,0,0
0,0,0,0,0,0,0,0,0,0,0,0,0,0,0,0,0,0,0,0,0,0,0,0,0,0,0,0,0,0,0,0,0,0,0,0,0,0,0,0,0,0,0,0,0,0,0,0,0,0
0,0,0,0,0,0,0,0,0,0,0,0,0,0,0,0,0,0,0,0,0,0,0,0,0,0,0,0,0,0,0,0,0,0,0,0,0,0,0,0,0,0,0,0,0,0,0,0,0,0
0,0,0,0,0,0,0,0,0,0,0,0,0,0,0,0,0,0,0,0,0,0,0,0,0,0,0,0,0,0,0,0,0,0,0,0,0,0,0,0,0,0,0,0,0,0,0,0,0,0
0,0,0,0,0,0,0,0,0,0,0,0,0,0,0,0,0,0,0,0,0,0,0,0,0,0,0,0,0,0,0,0,0,0,0,0,0,0,0,0,0,0,0,0,0,0,0,0,0,0
0,0,0,0,0,0,0,0,0,0,0,0,0,0,0,0,0,0,0,0,0,0,0,0,0,0,0,0,0,0,0,0,0,0,0,0,0,0,0,0,0,0,0,0,0,0,0,0,0,0
0,0,0,0,0,0,0,0,0,0,0,0,0,0,0,0,0,0,0,0,0,0,0,0,0,0,0,0,0,0,0,0,0,0,0,0,0,0,0,0,0,0,0,0,0,0,0,0,0,0
0,0,0,0,0,0,0,0,0,0,0,0,0,0,0,0,0,0,0,0,0,0,0,0,0,0,0,0,0,0,0,0,0,0,0,0,0,0,0,0,0,0,0,0,0,0,0,0,0,0
0,0,0,0,0,0,0,0,0,0,0,0,0,0,0,0,0,0,0,0,0,0,0,0,0,0,0,0,0,0,0,0,0,0,0,0,0,0,0,0,0,0,0,0,0,0,0,0,0,0
0,0,0,0,0,0,0,0,0,0,0,0,0,0,0,0,0,0,0,0,0,0,0,0,0,0,0,0,0,0,0,0,0,0,0,0,0,0,0,0,0,0,0,0,0,0,0,0,0,0
0,0,0,0,0,0,0,0,0,0,0,0,0,0,0,0,0,0,0,0,0,0,0,0,0,0,0,0,0,0,0,0,0,0,0,11349,11350,0,0,0,0,0,0,0,0,0,0,0,0,0
0,0,0,0,0,0,0,0,0,0,0,0,0,0,0,0,0,0,0,0,0,0,0,0,0,0,0,0,0,0,0,0,0,0,0,11381,11382,0,0,0,0,0,0,0,0,0,0,0,0,0
0,0,0,0,0,0,0,0,0,0,0,0,0,0,0,0,0,0,0,0,0,0,0,0,0,0,0,0,0,0,0,0,0,0,0,11413,11414,0,0,0,0,0,0,0,0,0,0,0,0,0
0,0,0,0,0,0,0,0,0,0,0,0,0,0,0,0,0,0,0,0,0,0,0,0,0,0,0,0,0,0,0,0,0,0,0,11445,11446,0,0,0,0,0,0,0,0,0,0,0,0,0
0,0,0,0,0,0,0,0,0,0,0,0,0,0,0,0,0,0,0,0,0,0,0,0,0,0,0,0,0,0,0,0,0,0,0,0,0,0,0,0,0,0,0,0,0,0,0,0,0,0
0,0,0,0,0,0,0,0,0,0,0,0,0,0,0,0,0,0,0,0,0,0,0,0,0,0,0,0,0,0,0,0,0,0,0,0,0,0,0,0,0,0,0,0,0,0,0,0,0,0
0,0,0,0,0,0,0,0,0,0,0,0,0,0,0,0,0,0,0,0,0,0,0,0,0,0,0,0,0,0,0,0,0,0,0,0,0,0,0,0,0,0,0,0,0,0,0,0,0,0
0,0,0,0,0,0,0,0,0,0,0,0,0,0,0,0,0,0,0,0,0,0,0,0,0,0,0,0,0,0,0,0,0,0,0,0,0,0,0,0,0,0,0,0,0,0,0,0,0,0
0,0,0,0,0,0,0,0,0,0,0,0,0,0,0,0,0,0,0,0,0,0,0,0,0,0,0,0,0,0,0,0,0,0,0,0,0,0,0,0,0,0,0,0,0,0,0,0,0,0
0,0,0,0,0,0,0,0,0,0,0,0,0,0,0,0,0,0,0,0,0,0,0,0,0,0,0,0,0,0,0,0,0,0,0,0,0,0,0,0,0,0,0,0,0,0,0,0,0,0
0,0,0,0,0,0,0,0,0,0,0,0,0,0,0,0,0,0,0,0,0,0,0,0,0,0,0,0,0,0,0,0,0,0,0,0,0,0,0,0,0,0,0,0,0,0,0,0,0,0
0,0,0,0,0,0,0,0,0,0,0,0,0,0,0,0,0,0,0,0,0,0,0,0,0,0,0,0,0,0,0,0,0,0,0,0,0,0,0,0,0,0,0,0,0,0,0,0,0,0
0,0,0,0,0,0,0,0,0,0,0,0,0,0,0,0,0,0,0,0,0,0,0,0,0,0,0,0,0,0,0,0,0,0,0,0,0,0,0,0,0,0,0,0,0,0,0,0,0,0
0,0,0,0,0,0,0,0,0,0,0,0,0,0,0,0,0,0,0,0,0,0,0,0,0,0,0,0,0,0,0,0,0,0,0,0,0,0,0,0,0,0,0,0,0,0,0,0,0,0
0,0,0,0,0,0,0,0,0,0,0,0,0,0,0,0,0,0,0,0,0,0,0,0,0,0,0,0,0,0,0,0,0,0,0,0,0,0,0,0,0,0,0,0,0,0,0,0,0,0
0,0,0,0,0,0,0,0,0,0,0,0,0,0,0,0,0,0,0,0,0,0,0,0,0,0,0,0,0,0,0,0,0,0,0,0,0,0,0,0,0,0,0,0,0,0,0,0,0,0
0,0,0,0,0,0,0,0,0,0,0,0,0,0,0,0,0,0,0,0,0,0,0,0,0,0,0,0,0,0,0,0,0,0,0,0,0,0,0,0,0,0,0,0,0,0,0,0,0,0
0,0,0,0,0,0,0,0,0,0,0,0,0,0,0,0,0,0,0,0,0,0,0,0,0,0,0,0,0,0,0,0,0,0,0,0,0,0,0,0,0,0,0,0,0,0,0,0,0,0
0,0,0,0,0,0,0,0,0,0,0,0,0,0,0,0,0,0,0,0,0,0,0,0,0,0,0,0,0,0,0,0,0,0,0,0,0,0,0,0,0,0,0,0,0,0,0,0,0,0
0,0,0,0,0,0,0,0,0,0,0,0,0,0,0,0,0,0,0,0,0,0,0,0,0,0,0,0,0,0,0,0,0,0,0,0,0,0,0,0,0,0,0,0,0,0,0,0,0,0
0,0,0,0,0,0,0,0,0,0,0,0,0,0,0,0,0,0,0,0,0,0,0,0,0,0,0,0,0,0,0,0,0,0,0,0,0,0,0,0,0,0,0,0,0,0,0,0,0,0
0,0,0,0,0,0,0,0,0,0,0,0,0,0,0,11355,11356,0,0,0,0,0,0,0,0,0,0,0,0,0,0,0,0,0,0,0,0,0,0,0,0,0,0,0,0,0,0,0,0,0
0,0,0,0,0,0,0,0,0,0,0,0,0,0,0,11387,11388,0,0,0,0,0,0,0,0,0,0,0,0,0,0,0,0,0,0,0,0,0,0,0,0,0,0,0,0,0,0,0,0,0
0,0,0,0,0,0,0,0,0,0,0,0,0,0,0,11419,11420,0,0,0,0,0,0,0,0,0,0,0,0,0,0,0,0,0,0,0,0,0,0,0,0,0,0,0,0,0,0,0,0,0
0,0,0,0,0,0,0,0,0,0,0,0,0,0,0,11451,11452,0,0,0,0,0,0,0,0,0,0,0,0,0,0,0,0,0,0,0,0,0,0,0,0,0,0,0,0,0,0,0,0,0
0,0,0,0,0,0,0,0,0,0,0,0,0,0,0,0,0,0,0,0,0,0,0,0,0,0,0,0,0,0,0,0,0,0,0,0,0,0,0,0,0,0,0,0,0,0,0,0,0,0
0,0,0,0,0,0,0,0,0,0,0,0,0,0,0,0,0,0,0,0,0,0,0,0,0,0,0,0,0,0,0,0,0,0,0,0,0,0,0,0,0,0,0,0,0,0,0,0,0,0
0,0,0,0,0,0,0,0,0,0,0,0,0,0,0,0,0,0,0,0,0,0,0,0,0,0,0,0,0,0,0,0,0,0,0,0,0,0,0,0,0,0,0,0,0,0,0,0,0,0
0,0,0,0,0,0,0,0,0,0,0,0,0,0,0,0,0,0,0,0,0,0,0,0,0,0,0,0,0,0,0,0,0,0,0,0,0,0,0,0,0,0,0,0,0,0,0,0,0,0
0,0,0,0,0,0,0,0,0,0,0,0,0,0,0,0,0,0,0,0,0,0,0,0,0,0,0,0,0,0,0,0,0,0,0,0,0,0,0,0,0,0,0,0,0,0,0,0,0,0
0,0,0,0,0,0,0,0,0,0,0,0,0,0,0,0,0,0,0,0,0,0,0,0,0,0,0,0,0,0,0,0,0,0,0,0,0,0,0,0,0,0,0,0,0,0,0,0,0,0
0,0,0,0,0,0,0,0,0,0,0,0,0,0,0,0,0,0,0,0,0,0,0,0,0,0,0,0,0,0,0,0,0,0,0,0,0,0,0,0,0,0,0,0,0,0,0,0,0,0
0,0,0,0,0,0,0,0,0,0,0,0,0,0,0,0,0,0,0,0,0,0,0,0,0,0,0,0,0,0,0,0,0,0,0,0,0,0,0,0,0,0,0,0,0,0,0,0,0,0